date,CSCO,AAPL,AXP,UNH,WMT,TRV,JPM,IBM,MMM,PG,DIS,MCD,GS,DOW,JNJ,HD,NKE,CVX,MRK,INTC,AMGN,VZ,CAT,KO,CRM,BA,HON,WBA,MSFT
2011-01-02,35,10,0,11,20,0,52,53,68,37,57,21,75,14,44,33,0,0,0,31,16,100,44,25,27,34,26,0,57
2011-01-09,46,22,0,32,31,51,51,42,0,18,22,82,63,13,22,69,0,0,100,64,16,45,62,25,40,53,26,0,24
2011-01-16,46,48,24,11,12,0,14,73,16,36,0,0,52,12,11,42,28,0,0,20,0,15,38,0,26,62,0,13,39
2011-01-23,34,16,23,31,23,51,28,48,49,18,22,40,93,13,43,23,0,0,33,15,47,15,52,24,13,57,0,12,62
2011-01-30,43,17,0,20,7,0,47,76,0,17,21,38,20,14,40,39,0,23,0,24,59,77,47,35,12,54,24,0,44
2011-02-06,100,22,0,51,11,0,35,44,16,17,32,39,30,14,10,49,27,0,32,20,0,65,44,0,63,83,0,0,69
2011-02-13,34,14,23,21,23,0,42,71,16,44,33,20,31,13,42,45,0,0,64,30,15,29,38,36,38,47,0,0,46
2011-02-20,56,25,0,41,26,0,35,62,48,26,33,20,41,17,32,45,0,48,32,27,31,22,47,24,64,47,50,0,0
2011-02-27,55,17,0,20,15,0,14,55,0,17,21,0,20,13,41,44,0,0,31,27,15,29,39,0,37,59,25,0,15
2011-03-06,22,12,0,20,33,49,21,58,16,34,43,20,40,16,21,35,0,0,0,12,30,29,55,12,75,64,0,0,30
2011-03-13,81,26,24,21,39,0,29,40,33,27,23,0,32,17,0,51,0,25,0,28,32,23,56,0,27,53,26,13,8
2011-03-20,55,19,0,30,4,0,35,43,0,51,32,39,100,12,31,27,0,72,0,32,31,36,46,35,38,70,0,0,23
2011-03-27,76,12,22,40,11,0,21,40,16,42,32,0,40,12,10,22,0,0,0,24,46,28,52,35,0,37,24,0,22
2011-04-03,66,16,0,20,7,0,14,69,80,17,32,39,40,13,51,44,0,48,0,29,15,43,50,24,38,32,24,0,30
2011-04-10,55,13,22,10,18,0,21,63,16,60,11,0,20,14,0,35,0,48,32,24,46,14,62,35,25,51,24,0,23
2011-04-17,56,16,23,21,8,0,28,82,0,61,33,20,41,11,84,36,28,0,33,42,16,15,59,36,39,57,50,0,23
2011-04-24,22,11,22,30,15,0,35,49,0,34,11,0,90,12,82,49,27,0,32,36,30,7,71,47,13,41,24,0,53
2011-05-01,22,22,0,20,11,0,41,78,16,9,0,39,50,14,31,35,0,72,32,54,15,50,60,12,0,64,0,0,23
2011-05-08,34,17,0,21,27,50,21,53,16,9,33,40,41,12,63,36,0,0,0,27,46,15,40,12,13,65,100,0,39
2011-05-15,0,19,0,20,26,0,21,55,16,26,21,59,100,12,41,71,0,0,0,34,0,7,48,12,13,60,0,0,15
2011-05-22,22,18,45,20,7,0,28,58,48,52,11,20,20,9,21,22,28,24,0,49,15,14,44,12,13,28,0,0,38
2011-05-29,24,10,0,22,16,53,7,53,0,28,11,42,0,11,44,38,0,26,68,13,16,15,49,25,13,44,0,0,16
2011-06-05,68,14,0,31,11,0,28,41,0,26,33,80,20,14,21,50,0,0,0,25,31,7,35,0,13,52,25,0,0
2011-06-12,11,20,46,63,8,0,7,81,16,35,0,40,31,15,43,46,0,25,0,20,16,22,43,49,64,24,50,0,23
2011-06-19,23,15,0,21,8,0,7,47,16,44,22,0,51,10,21,27,0,0,33,22,0,7,42,36,13,85,50,0,31
2011-06-26,22,11,0,31,8,0,21,56,16,35,0,0,92,14,53,41,0,0,0,22,16,15,52,12,65,57,0,0,39
2011-07-03,35,17,24,54,4,0,30,28,51,9,23,21,11,11,22,28,0,0,34,29,0,8,69,51,27,54,0,0,40
2011-07-10,11,8,23,10,19,0,35,43,48,9,0,40,90,13,10,40,0,24,0,7,0,29,39,24,26,28,0,0,38
2011-07-17,44,48,0,20,18,0,28,75,0,51,32,19,50,13,62,9,0,24,32,32,0,29,50,47,25,46,0,0,45
2011-07-24,21,24,44,10,18,0,34,48,31,100,10,0,10,15,30,30,0,0,31,28,75,14,43,23,37,54,0,0,7
2011-07-31,32,25,22,20,11,0,27,68,0,17,32,57,30,39,51,35,27,70,31,22,44,21,66,23,61,63,48,0,45
2011-08-07,95,43,22,10,32,0,47,95,62,50,21,19,77,81,50,60,0,0,62,38,44,28,100,57,25,67,71,0,29
2011-08-14,32,15,22,0,25,0,27,44,16,49,41,0,29,39,40,51,0,23,0,38,30,21,55,23,37,41,0,0,7
2011-08-21,62,37,0,48,21,0,26,30,15,24,0,19,19,28,39,38,0,23,0,14,29,47,46,0,48,66,0,0,21
2011-08-28,0,15,0,29,21,0,13,54,30,40,50,18,57,18,0,21,0,0,30,16,14,20,39,11,24,39,23,0,36
2011-09-04,21,19,0,10,7,0,27,50,31,33,21,0,10,21,10,47,0,0,0,28,0,35,40,46,24,62,47,0,15
2011-09-11,30,21,0,28,17,0,32,66,0,31,0,36,55,21,28,28,0,22,0,36,0,20,36,11,35,77,22,0,35
2011-09-18,30,33,21,9,17,0,38,48,14,16,10,18,37,24,38,32,0,22,29,40,14,20,57,65,34,71,0,11,28
2011-09-25,20,14,0,0,10,0,6,70,0,39,29,0,27,23,37,76,0,0,0,24,14,6,54,32,57,54,22,0,20
2011-10-02,70,59,41,18,20,44,6,37,29,62,10,53,18,26,28,16,0,0,0,24,28,19,54,32,23,63,22,0,14
2011-10-09,10,29,20,9,26,0,12,46,42,23,0,52,53,19,37,39,0,0,0,24,14,6,43,21,11,53,22,0,40
2011-10-16,30,29,20,18,17,0,12,60,43,31,19,71,45,16,46,28,0,0,0,39,28,13,50,32,11,50,22,0,48
2011-10-23,39,17,20,9,10,0,37,28,42,23,19,35,36,22,28,51,0,0,0,59,40,13,58,11,34,69,65,0,27
2011-10-30,20,23,0,18,20,0,19,42,14,15,19,17,45,22,19,68,0,0,0,18,27,0,50,32,22,70,0,0,20
2011-11-06,57,11,0,17,13,84,36,62,28,22,28,69,52,23,18,42,0,0,56,21,0,6,38,20,11,61,21,0,13
2011-11-13,29,21,20,9,29,0,18,73,55,22,37,0,61,19,9,27,0,0,0,38,26,19,50,21,43,52,64,0,20
2011-11-20,20,6,0,9,7,46,32,64,29,40,10,0,19,20,38,49,25,22,0,20,14,7,32,44,23,34,23,0,7
2011-11-27,46,18,0,34,25,0,23,49,13,22,9,82,76,22,44,34,23,0,0,31,13,24,54,10,21,54,21,0,19
2011-12-04,37,12,38,0,28,0,35,39,27,58,18,16,25,20,26,52,0,0,0,27,26,18,56,20,21,39,21,0,6
2011-12-11,19,7,0,26,12,0,23,34,14,14,18,100,25,18,0,41,0,0,0,37,52,0,37,20,54,71,0,0,32
2011-12-18,0,8,0,18,10,0,13,37,57,54,0,18,0,17,28,20,25,0,57,15,55,32,46,0,11,33,44,0,0
2011-12-25,10,17,21,0,14,0,6,41,30,8,10,18,19,13,39,50,0,0,0,27,14,20,32,11,0,74,23,0,14
2012-01-01,9,15,19,43,25,0,24,49,27,44,46,50,43,15,0,34,0,0,27,19,26,25,45,30,22,67,63,0,19
2012-01-08,18,16,0,33,21,0,22,51,13,49,17,63,73,14,33,54,0,58,26,39,49,17,37,0,20,30,20,0,6
2012-01-15,35,13,0,33,6,0,11,58,13,7,26,31,48,13,42,29,0,0,25,26,0,17,58,0,20,63,20,0,55
2012-01-22,9,31,0,16,9,39,11,39,37,41,51,31,40,14,33,45,0,19,0,56,24,17,60,19,40,54,0,0,42
2012-01-29,17,12,0,16,35,0,22,48,25,61,25,31,24,12,33,38,0,0,0,21,12,11,44,9,20,58,19,0,12
2012-02-05,60,24,0,63,12,0,16,54,13,20,34,31,39,12,32,63,0,19,25,15,36,34,65,46,30,73,19,0,36
2012-02-12,0,46,18,24,32,0,22,64,37,47,25,0,24,15,25,39,0,19,49,33,24,6,66,9,39,54,0,0,48
2012-02-19,17,22,0,24,23,0,11,55,13,41,17,31,47,15,65,38,0,0,25,17,0,23,49,28,20,69,0,0,24
2012-02-26,26,28,0,41,24,0,44,35,0,34,17,16,40,14,17,57,0,39,0,23,0,6,41,29,20,52,39,0,12
2012-03-04,9,32,0,41,0,0,11,35,64,34,34,32,56,15,17,43,0,19,0,20,49,17,44,19,20,45,20,0,55
2012-03-11,27,41,0,24,12,0,61,60,13,34,26,16,97,15,50,43,0,0,52,23,12,12,48,19,0,37,20,0,18
2012-03-18,44,53,18,8,24,0,45,60,25,28,9,0,24,13,0,36,0,19,25,22,12,23,48,38,0,70,20,0,12
2012-03-25,17,42,18,0,17,0,16,52,13,34,8,31,24,12,33,31,0,0,0,40,0,11,33,37,10,48,19,0,18
2012-04-01,0,37,54,24,0,0,22,58,13,34,9,32,40,12,17,36,0,39,0,20,25,23,39,29,41,41,0,0,12
2012-04-08,36,23,0,33,9,0,51,67,0,35,18,0,25,17,17,44,67,0,52,22,0,6,27,29,10,57,20,0,19
2012-04-15,9,50,18,16,23,0,22,47,13,33,8,0,31,18,65,38,0,19,25,55,12,34,52,9,20,58,57,0,35
2012-04-22,9,66,0,8,75,0,5,32,37,27,34,15,55,13,8,38,43,38,0,36,0,39,47,9,39,54,38,0,36
2012-04-29,26,32,0,23,32,0,16,29,12,40,8,31,39,10,72,41,0,38,50,28,24,22,43,55,39,51,57,0,18
2012-05-06,60,41,0,24,15,38,38,66,0,40,8,47,47,14,16,35,0,0,0,34,24,17,61,56,10,29,57,0,41
2012-05-13,18,36,0,16,27,0,100,42,0,14,26,32,32,14,8,43,0,39,0,21,25,12,55,0,10,48,20,0,36
2012-05-20,9,29,18,65,18,0,45,44,13,35,35,32,40,12,33,39,0,0,0,26,25,6,37,29,20,33,0,0,6
2012-05-27,18,21,0,17,19,41,23,34,26,29,18,0,0,14,26,30,0,40,0,18,13,18,42,10,63,30,41,0,19
2012-06-03,9,27,0,16,6,0,39,49,0,34,17,16,40,16,17,71,0,19,25,12,24,12,57,10,10,37,0,0,49
2012-06-10,0,19,0,16,18,0,62,63,26,7,0,16,16,13,17,36,0,0,26,28,12,29,56,10,31,34,40,0,37
2012-06-17,9,29,0,41,12,40,34,40,26,42,35,16,33,15,25,40,0,20,26,24,50,0,45,19,10,45,20,10,62
2012-06-24,9,27,0,24,33,0,39,40,0,21,17,31,32,14,42,54,44,0,0,12,0,29,41,0,61,44,0,0,24
2012-07-01,19,25,0,35,28,0,24,22,0,44,27,49,26,12,18,46,0,20,0,10,25,18,39,0,21,77,0,0,39
2012-07-08,0,27,18,24,30,0,66,60,0,61,26,0,32,12,0,28,0,19,25,25,0,29,55,9,0,54,19,0,60
2012-07-15,0,20,18,32,29,0,16,52,13,33,8,62,47,11,32,38,0,57,0,34,24,17,43,28,60,37,0,0,12
2012-07-22,43,29,36,24,32,0,16,43,13,14,17,15,39,15,41,45,0,19,25,13,36,34,38,37,40,51,19,0,30
2012-07-29,35,26,0,24,24,0,44,48,37,48,8,15,32,12,74,71,0,0,50,29,60,11,44,56,10,44,0,0,6
2012-08-05,43,24,0,31,17,0,43,36,0,33,17,15,39,11,16,31,21,19,0,21,36,11,30,18,49,32,57,0,6
2012-08-12,69,18,0,16,32,0,22,32,12,7,25,0,24,12,24,35,0,57,25,13,48,17,42,47,10,40,0,0,24
2012-08-19,34,39,18,39,9,0,38,20,38,27,8,31,16,9,40,45,0,19,0,17,12,11,45,18,60,51,19,0,18
2012-08-26,0,29,35,23,9,38,16,40,12,20,16,0,23,10,32,41,0,0,0,11,47,11,55,36,29,32,0,0,17
2012-09-02,26,24,0,31,14,0,5,27,12,27,33,15,39,10,8,38,0,18,0,25,35,0,48,9,19,46,38,0,12
2012-09-09,16,38,17,53,25,0,47,48,12,13,16,29,7,14,8,53,41,18,0,35,23,21,38,62,19,41,55,0,34
2012-09-16,0,45,0,15,22,0,26,41,0,32,8,29,7,11,0,53,0,18,24,16,11,21,52,44,38,69,0,0,28
2012-09-23,8,45,17,7,8,36,20,28,0,38,39,15,44,12,15,49,21,18,95,27,0,11,56,26,28,41,0,9,28
2012-09-30,33,28,0,7,8,0,26,47,23,38,16,43,22,12,15,63,20,53,23,29,11,16,48,26,28,92,18,0,11
2012-10-07,0,37,16,29,27,0,40,32,12,31,23,0,36,10,23,61,0,0,0,27,22,10,44,52,18,57,0,0,16
2012-10-14,8,37,16,29,27,0,10,33,0,31,23,55,36,11,22,58,0,17,0,51,32,16,50,26,27,65,18,0,38
2012-10-21,31,36,0,22,5,35,20,50,34,55,15,14,29,12,15,54,0,0,0,26,54,10,61,25,27,46,17,0,49
2012-10-28,24,30,0,14,19,0,20,43,0,18,8,28,21,8,7,67,0,0,23,16,11,15,44,34,0,40,0,0,22
2012-11-04,8,46,16,7,21,0,15,42,0,30,15,41,35,21,36,59,0,0,22,22,21,10,47,0,9,58,0,0,32
2012-11-11,8,35,0,7,21,0,15,52,23,43,23,56,22,15,45,48,0,17,0,16,22,21,38,34,27,43,18,0,43
2012-11-18,8,39,34,15,28,0,5,35,12,26,24,30,23,10,16,87,0,18,48,35,12,0,31,0,29,35,19,0,11
2012-11-25,15,29,0,14,20,66,9,43,11,70,29,13,41,14,35,39,0,0,0,35,10,10,45,48,52,31,0,0,26
2012-12-02,0,59,31,41,5,34,24,61,0,23,44,27,0,9,28,49,0,16,0,27,21,20,43,16,17,47,0,0,31
2012-12-09,0,53,0,34,23,0,23,49,33,41,7,40,34,11,35,63,19,16,0,25,0,15,58,32,26,44,0,0,51
2012-12-16,47,51,0,22,13,0,0,39,11,25,23,14,43,13,59,32,19,17,0,26,22,10,38,17,62,20,35,0,32
2012-12-23,0,17,0,16,24,0,17,42,13,21,34,62,32,12,17,57,0,0,76,21,12,11,44,0,10,51,0,0,12
2012-12-30,16,37,16,15,32,0,25,46,35,50,31,14,22,19,8,74,0,0,0,23,0,16,44,26,18,47,0,0,39
2013-01-06,15,33,30,27,7,0,9,39,43,34,36,27,34,11,35,59,19,0,65,29,10,10,51,32,77,50,33,0,25
2013-01-13,22,74,0,27,15,0,27,42,21,28,14,52,39,12,20,53,0,16,21,55,41,14,47,31,17,77,16,0,40
2013-01-20,0,97,0,34,17,65,14,71,11,23,21,13,40,15,14,62,18,0,42,29,0,10,49,24,17,43,81,0,25
2013-01-27,29,62,0,20,14,0,23,49,41,56,14,0,65,13,40,72,0,0,0,22,0,14,53,23,25,63,16,0,30
2013-02-03,22,57,29,46,15,32,32,40,10,56,7,26,39,12,14,75,18,31,0,19,0,23,66,46,41,57,48,0,10
2013-02-10,14,45,15,20,32,0,36,45,31,22,28,13,39,12,20,46,18,16,21,22,0,9,48,23,42,46,32,0,35
2013-02-17,14,24,0,13,31,32,22,39,21,17,28,52,13,11,27,40,0,32,63,22,0,5,54,46,25,49,47,0,5
2013-02-24,14,39,0,26,14,0,22,44,10,33,20,0,32,14,40,60,0,15,0,30,29,18,48,45,57,50,47,0,24
2013-03-03,43,48,29,39,24,0,22,39,52,39,14,26,65,20,74,81,54,16,21,32,50,5,52,38,16,45,32,0,29
2013-03-10,29,41,15,33,26,0,36,51,42,67,14,52,19,15,40,83,18,16,21,27,10,5,66,31,33,61,0,0,15
2013-03-17,29,28,15,39,22,0,22,43,10,50,14,38,32,14,33,66,18,16,21,35,40,28,46,8,49,84,16,0,29
2013-03-24,37,39,15,34,20,33,23,52,32,0,14,13,67,12,21,68,37,32,0,26,51,24,29,40,51,49,33,0,20
2013-03-31,7,33,15,20,42,0,14,40,42,34,28,38,60,12,41,41,36,0,21,32,50,19,53,39,8,21,16,8,10
2013-04-07,7,28,0,20,31,0,41,68,21,6,49,64,52,15,40,46,0,47,42,35,40,23,60,39,8,60,48,0,84
2013-04-14,21,66,29,20,12,0,18,64,10,56,28,50,58,18,40,43,35,31,20,76,29,33,49,100,16,50,63,0,24
2013-04-21,22,77,0,20,17,0,28,48,11,63,21,39,27,13,90,71,0,48,21,55,30,33,46,71,25,67,0,8,55
2013-04-28,7,41,15,40,19,0,32,49,11,34,49,52,39,14,75,58,0,32,0,45,51,52,45,16,25,49,0,0,60
2013-05-05,37,47,0,13,27,33,18,44,21,29,43,39,47,14,76,53,18,16,21,41,20,24,49,16,58,73,33,0,60
2013-05-12,52,46,31,7,15,33,19,35,21,29,29,0,41,15,35,51,19,16,0,30,82,20,44,8,43,37,33,8,36
2013-05-19,7,42,0,20,15,0,28,25,53,57,36,13,13,13,55,51,0,16,43,36,31,34,49,16,59,28,0,0,86
2013-05-26,31,41,0,14,23,0,19,28,11,30,22,14,42,13,7,90,19,33,0,24,63,5,40,50,9,61,0,0,53
2013-06-02,15,33,15,14,8,0,19,35,0,35,44,13,41,15,21,70,0,16,21,55,10,10,49,49,25,68,17,0,21
2013-06-09,37,51,15,14,8,100,24,39,22,29,22,13,20,14,21,60,19,0,65,33,94,15,48,24,69,50,0,0,41
2013-06-16,23,29,15,21,15,0,19,46,11,35,7,54,14,13,57,36,19,0,0,33,42,44,38,49,44,54,34,0,47
2013-06-23,23,50,0,21,20,0,14,40,22,23,15,40,14,18,35,67,19,0,44,28,31,30,38,16,26,51,17,0,36
2013-06-30,24,37,16,7,16,0,10,50,34,43,23,0,7,11,37,29,0,17,46,10,0,31,30,26,18,53,18,0,16
2013-07-07,23,32,15,41,23,0,47,32,0,29,22,0,27,16,42,88,0,16,0,35,52,15,39,24,26,66,17,0,41
2013-07-14,7,29,15,54,20,0,23,35,11,35,22,66,81,19,49,66,0,0,0,39,83,14,43,32,60,31,16,0,91
2013-07-21,22,61,0,34,18,33,28,45,32,29,7,0,27,13,42,60,19,16,0,45,93,34,45,8,43,66,33,0,66
2013-07-28,30,29,30,48,23,0,14,43,32,46,0,26,54,16,70,66,18,32,0,13,41,29,41,32,25,49,33,8,51
2013-08-04,7,32,0,27,20,33,32,56,11,23,29,0,60,12,35,54,0,16,0,21,72,5,34,24,43,40,33,0,41
2013-08-11,59,58,0,27,20,33,14,37,32,12,58,26,13,15,49,60,0,32,0,16,10,10,56,8,25,68,33,0,36
2013-08-18,7,44,0,75,25,66,9,29,32,46,7,13,20,14,14,60,0,16,42,34,40,24,46,40,33,73,0,0,71
2013-08-25,22,36,0,7,22,0,27,50,31,34,0,0,40,12,41,76,0,16,0,19,90,19,42,39,8,70,16,0,90
2013-09-01,15,26,0,60,17,0,14,52,0,17,14,0,13,13,34,47,0,16,21,24,10,47,40,0,17,65,32,0,100
2013-09-08,28,80,14,13,14,0,27,100,20,38,34,25,51,16,40,63,17,15,41,25,10,18,59,30,32,47,0,8,53
2013-09-15,14,53,0,19,12,31,26,48,31,27,14,38,38,14,46,45,0,31,0,37,29,36,51,22,41,59,15,0,52
2013-09-22,7,49,15,20,19,0,18,28,52,28,21,26,7,12,13,37,18,0,21,25,10,19,54,0,25,64,0,16,29
2013-09-29,7,41,15,13,22,0,9,64,20,39,35,13,20,20,40,55,18,61,0,24,19,33,42,15,32,59,79,0,34
2013-10-06,0,34,0,20,22,32,40,58,21,28,21,0,19,18,27,63,36,0,21,25,0,19,51,23,8,75,16,0,49
2013-10-13,21,33,0,39,10,0,22,49,21,22,21,13,39,20,60,72,18,16,21,35,40,19,54,38,33,57,32,0,34
2013-10-20,28,49,29,19,12,0,35,57,20,27,14,38,26,14,40,43,0,0,0,25,10,18,49,30,65,44,0,0,92
2013-10-27,14,51,29,32,21,31,31,49,31,38,7,50,19,12,39,48,35,15,20,28,29,9,51,38,24,68,15,0,38
2013-11-03,21,40,14,32,12,31,13,62,30,59,40,25,44,13,52,59,17,30,20,20,10,14,49,15,32,70,15,0,76
2013-11-10,56,39,14,26,28,0,44,44,20,27,14,37,32,14,40,60,17,0,20,20,10,28,59,15,64,61,31,0,29
2013-11-17,48,26,14,25,18,0,17,50,20,37,0,12,19,15,32,61,17,15,20,32,29,13,40,15,32,38,15,0,75
2013-11-24,15,23,0,14,32,0,14,29,0,29,29,13,13,10,14,54,18,16,21,21,21,14,39,40,8,34,33,0,46
2013-12-01,13,50,14,42,16,59,29,62,29,26,32,35,30,13,43,64,16,14,57,25,18,9,44,7,53,39,29,0,27
2013-12-08,14,41,70,25,21,0,13,45,30,11,7,25,31,11,19,77,17,0,20,18,10,4,42,37,39,72,46,0,38
2013-12-15,7,29,0,33,22,0,23,43,21,45,0,13,13,12,40,98,0,0,0,19,0,19,46,62,33,36,16,0,59
2013-12-22,25,45,17,8,8,0,21,52,0,25,8,15,60,14,15,66,0,36,24,22,46,16,34,35,19,41,55,0,17
2013-12-29,22,27,15,41,20,0,32,58,21,52,14,39,20,12,62,98,0,0,21,31,20,24,43,32,42,52,0,0,35
2014-01-05,41,32,42,37,11,30,34,43,40,53,13,0,86,13,51,55,0,0,20,21,28,9,51,44,86,63,30,0,47
2014-01-12,14,40,42,25,18,31,43,47,30,53,40,37,44,13,39,47,68,45,20,56,38,13,52,22,24,40,0,0,24
2014-01-19,27,26,0,43,11,0,34,73,20,37,20,24,18,13,63,60,0,0,0,25,28,13,44,7,16,49,45,0,60
2014-01-26,0,69,0,43,20,0,21,53,86,47,13,24,43,20,38,59,0,0,19,24,55,17,52,65,38,78,45,0,18
2014-02-02,36,40,15,26,22,0,22,47,21,89,35,25,58,21,54,52,18,0,41,27,20,28,51,23,49,93,16,0,73
2014-02-09,26,32,0,42,13,0,25,47,28,51,19,23,24,16,55,53,16,0,19,28,18,13,51,14,37,74,0,0,72
2014-02-16,20,27,0,31,16,0,17,32,0,42,20,60,55,13,57,79,17,15,0,16,47,26,59,51,62,82,15,0,41
2014-02-23,20,38,13,30,18,29,12,40,29,41,13,12,18,13,55,79,33,43,19,32,37,26,55,21,53,72,15,0,27
2014-03-02,13,23,14,30,20,29,37,49,10,31,19,23,36,14,81,56,33,14,57,12,46,22,47,36,30,69,15,0,45
2014-03-09,0,24,0,19,21,0,26,36,20,26,13,37,56,14,45,57,17,15,0,18,19,18,41,22,39,43,15,0,42
2014-03-16,14,16,0,44,18,0,34,41,0,16,7,36,43,17,26,77,17,15,20,12,28,22,54,29,8,65,30,7,51
2014-03-23,27,22,27,43,27,0,34,28,29,36,33,24,85,12,44,46,17,14,19,18,9,26,50,22,15,36,0,7,37
2014-03-30,47,15,14,43,9,0,17,55,29,31,52,0,37,13,38,54,17,0,0,27,28,18,59,29,38,42,15,0,56
2014-04-06,28,14,0,32,7,0,35,51,49,80,27,0,19,15,52,58,0,15,20,31,19,22,61,45,39,49,0,0,52
2014-04-13,21,11,28,31,9,0,13,56,59,37,27,24,25,14,39,41,17,15,20,39,9,31,47,74,47,60,30,0,9
2014-04-20,21,46,14,32,7,31,22,59,50,76,14,37,19,15,79,79,0,15,20,37,48,36,37,38,16,64,16,0,24
2014-04-27,27,34,0,6,27,0,21,37,10,26,33,24,31,16,45,57,17,30,0,38,0,9,57,29,23,40,15,0,33
2014-05-04,14,37,42,13,14,0,9,51,20,54,20,12,19,11,65,42,0,15,20,21,19,4,35,44,24,71,15,0,33
2014-05-11,56,26,14,19,30,0,13,47,20,16,20,38,19,10,20,53,0,15,41,9,20,23,68,30,40,35,31,0,38
2014-05-18,23,24,16,28,18,0,10,40,11,42,59,27,42,13,36,40,38,17,44,17,31,25,50,33,52,41,17,0,52
2014-05-25,25,59,17,45,14,0,21,32,59,32,8,44,52,12,39,73,0,36,24,22,11,27,50,18,85,52,36,0,34
2014-06-01,47,48,16,51,19,0,20,72,12,24,23,29,29,13,59,60,0,18,23,28,0,26,51,42,83,64,52,9,22
2014-06-08,8,100,16,37,11,0,5,27,0,31,8,43,51,13,30,45,20,17,46,67,22,21,54,26,27,43,18,0,38
2014-06-15,16,58,17,23,17,0,36,24,48,45,24,15,60,10,39,50,0,18,0,55,0,43,52,44,57,42,73,9,34
2014-06-22,33,42,0,15,11,37,31,34,59,64,24,14,30,11,31,59,20,18,70,44,34,16,41,18,47,24,55,0,28
2014-06-29,34,34,0,16,17,0,43,31,25,40,33,15,46,10,40,61,0,0,25,32,0,17,37,18,30,44,38,0,52
2014-07-06,16,39,17,15,16,0,26,26,35,32,24,29,81,14,61,69,0,0,23,32,22,37,48,44,46,31,0,0,22
2014-07-13,8,50,0,81,16,0,25,78,23,13,31,0,51,14,45,68,20,18,23,100,22,32,44,17,9,44,0,0,55
2014-07-20,48,43,0,22,13,0,35,38,47,50,16,43,29,11,30,39,0,18,23,41,11,31,62,52,28,58,18,0,44
2014-07-27,24,55,17,0,19,0,20,38,58,44,0,14,52,14,53,49,0,35,0,34,66,16,71,26,37,44,18,0,61
2014-08-03,26,39,0,47,37,0,11,61,37,47,0,15,55,17,40,45,0,0,0,42,0,17,41,18,29,32,19,0,12
2014-08-10,32,34,0,29,19,0,10,78,23,31,31,14,73,12,30,48,20,35,0,32,33,16,57,26,27,66,71,0,38
2014-08-17,16,43,16,15,21,0,40,33,57,49,38,14,36,16,82,80,0,34,23,25,43,15,48,34,18,33,0,0,33
2014-08-24,16,32,0,21,29,0,20,41,33,36,15,41,92,13,95,53,0,0,22,41,32,40,47,42,53,52,34,0,32
2014-08-31,0,51,16,14,16,0,15,30,33,18,7,41,28,11,65,81,0,0,0,24,21,10,52,33,35,42,17,0,21
2014-09-07,7,85,15,62,13,0,24,37,42,17,44,39,41,11,49,63,18,16,0,17,41,10,44,32,51,55,17,0,21
2014-09-14,22,47,15,20,25,0,37,45,32,29,22,13,20,14,28,30,37,33,0,21,10,44,34,64,60,100,0,0,31
2014-09-21,15,49,16,7,13,34,19,52,44,53,37,14,42,15,21,61,19,17,44,15,53,30,49,25,26,57,0,0,31
2014-09-28,7,38,0,48,10,0,14,29,22,35,29,0,20,14,28,57,0,16,44,18,10,20,42,24,26,44,66,0,26
2014-10-05,7,34,0,27,20,0,28,53,21,46,14,53,34,17,28,48,19,16,0,28,10,39,53,24,43,41,16,0,25
2014-10-12,15,31,31,41,23,0,42,45,32,29,44,13,27,26,56,63,18,16,21,46,20,29,45,64,42,59,66,0,21
2014-10-19,37,60,30,21,13,0,23,77,32,35,43,53,41,21,84,63,0,49,22,23,52,39,53,24,9,56,17,0,56
2014-10-26,8,35,31,55,23,34,19,61,11,23,0,13,41,19,50,49,0,33,0,20,41,39,55,32,43,82,0,0,41
2014-11-02,15,35,15,47,22,33,28,82,63,58,86,13,47,19,62,36,0,0,21,36,40,14,53,24,8,40,16,0,71
2014-11-09,29,33,15,54,37,0,46,37,42,40,28,13,27,15,55,59,18,0,0,10,10,5,47,32,25,74,0,8,55
2014-11-16,37,29,0,20,35,0,23,29,0,23,22,26,40,16,70,57,18,16,21,38,72,19,43,48,51,43,16,0,20
2014-11-23,16,29,16,50,24,0,15,45,11,24,23,28,36,15,7,79,19,34,68,33,0,31,51,25,9,43,52,0,16
2014-11-30,14,31,14,26,21,0,13,53,41,65,34,75,45,13,13,62,18,92,0,36,39,27,48,23,40,33,31,0,48
2014-12-07,15,21,15,20,20,0,28,41,11,23,22,78,20,17,0,86,18,16,0,15,20,19,57,24,34,49,33,0,30
2014-12-14,23,33,47,28,16,0,15,45,11,42,15,27,42,24,51,59,19,50,0,27,43,15,68,33,35,58,17,0,37
2014-12-21,26,19,18,57,30,0,11,44,26,21,9,32,56,18,33,53,22,19,52,29,25,17,37,28,41,26,0,0,18
2014-12-28,33,22,0,23,11,0,26,46,35,32,24,29,23,15,54,37,0,36,0,13,0,22,55,62,47,41,0,36,23
2015-01-04,15,35,30,61,40,0,14,35,32,23,7,26,27,21,63,78,0,48,0,21,20,10,59,32,42,61,16,65,31
2015-01-11,7,34,0,34,15,0,55,48,21,17,14,0,47,20,96,86,18,64,21,36,30,19,46,39,59,55,0,40,20
2015-01-18,15,31,0,61,20,0,14,64,63,52,22,65,34,19,76,60,0,48,21,23,10,14,54,24,34,40,16,16,56
2015-01-25,7,54,0,20,19,0,23,32,41,22,56,25,78,20,20,66,18,47,21,27,20,14,80,15,25,57,0,16,69
2015-02-01,14,32,14,32,21,0,18,39,10,55,62,25,45,16,40,68,0,46,0,25,29,28,53,61,24,53,31,23,24
2015-02-08,21,45,100,51,31,0,22,40,61,27,0,13,19,17,7,73,35,31,41,22,10,23,56,53,24,36,31,23,62
2015-02-15,7,35,74,13,32,0,14,32,52,45,35,26,46,17,41,70,18,31,21,14,20,9,51,62,25,66,32,16,40
2015-02-22,35,40,14,45,16,0,40,48,41,43,41,25,32,15,39,93,0,31,0,23,10,9,38,68,49,53,46,61,24
2015-03-01,7,33,29,32,9,0,13,50,10,38,41,38,13,14,40,74,0,62,0,25,30,23,60,68,33,81,0,31,34
2015-03-08,29,64,15,20,22,0,23,55,31,62,28,39,53,20,20,76,36,47,0,31,10,9,50,31,33,30,0,0,45
2015-03-15,15,34,15,34,10,0,23,40,53,40,28,13,60,20,34,71,18,48,21,28,61,19,55,39,25,68,16,16,35
2015-03-22,24,31,16,59,16,0,35,44,35,37,8,0,44,17,38,55,61,18,23,25,22,26,62,35,9,48,18,0,39
2015-03-29,7,33,15,28,13,0,42,51,22,70,22,27,68,18,42,54,19,17,22,30,21,24,35,65,61,51,33,8,21
2015-04-05,7,29,15,27,15,0,23,53,33,69,36,13,41,16,21,54,19,16,65,31,21,29,50,56,43,44,0,49,31
2015-04-12,59,27,45,68,20,33,42,45,32,92,22,26,40,14,35,66,18,48,0,43,51,39,60,56,34,58,66,8,41
2015-04-19,0,32,0,54,7,0,42,46,53,40,29,39,33,14,62,74,0,32,0,31,51,29,55,95,25,53,0,8,50
2015-04-26,15,70,15,48,20,0,19,54,53,46,29,26,20,15,56,60,0,0,63,26,30,5,47,40,42,49,0,32,76
2015-05-03,38,32,16,7,18,0,10,48,33,18,7,27,21,12,36,46,19,50,0,29,31,5,58,58,26,38,0,0,53
2015-05-10,31,36,16,21,13,0,19,36,34,42,30,14,35,16,29,74,19,17,0,27,65,10,59,25,54,39,34,34,74
2015-05-17,23,39,16,36,21,35,20,41,46,36,45,42,7,11,81,75,0,0,23,19,22,30,21,25,45,56,35,51,64
2015-05-24,16,23,17,37,22,0,15,25,35,38,16,29,37,12,46,39,20,18,24,21,23,11,34,0,28,38,18,18,39
2015-05-31,16,32,0,22,45,0,25,47,34,43,15,28,36,13,44,44,0,17,0,29,43,20,33,59,45,23,17,34,43
2015-06-07,8,30,0,15,19,0,40,48,70,25,47,0,80,14,23,74,0,0,0,7,78,37,35,17,18,51,36,18,44
2015-06-14,24,24,16,29,22,0,20,42,23,31,31,42,29,15,38,42,20,0,23,25,44,37,45,9,55,30,0,9,55
2015-06-21,8,27,16,51,19,0,20,46,23,19,31,28,29,16,45,74,20,0,0,34,11,21,65,17,100,30,35,18,38
2015-06-28,17,22,0,15,19,0,36,28,24,26,24,0,30,27,47,73,41,0,0,18,34,38,47,9,57,48,18,9,23
2015-07-05,16,38,0,79,21,0,30,37,58,73,23,0,21,31,52,54,20,0,23,24,44,36,48,17,37,61,17,26,49
2015-07-12,40,36,49,51,13,0,40,52,23,43,23,28,72,21,37,61,20,17,23,44,22,16,45,26,27,50,18,52,33
2015-07-19,24,71,33,75,5,36,20,41,47,44,87,14,44,18,30,56,20,71,0,31,45,37,44,26,56,71,0,9,67
2015-07-26,16,30,0,36,16,35,30,44,23,68,31,57,65,20,37,41,100,88,46,25,100,21,50,17,37,64,0,17,16
2015-08-02,16,46,16,65,16,0,50,67,23,25,100,43,36,17,45,83,0,52,46,28,22,36,50,34,18,23,0,17,33
2015-08-09,63,57,16,43,13,70,30,41,34,37,77,14,43,21,37,70,0,17,0,17,11,26,63,17,9,49,17,0,43
2015-08-16,24,42,48,7,21,0,30,39,100,37,69,0,57,29,52,70,0,34,0,23,53,31,62,42,62,68,0,69,27
2015-08-23,31,99,0,84,41,0,29,50,88,36,97,27,35,100,29,87,19,100,44,48,64,45,85,83,79,45,34,34,74
2015-08-30,8,48,16,77,26,0,24,40,32,24,67,27,48,50,64,40,0,16,0,30,0,15,65,33,51,50,0,25,31
2015-09-06,15,34,16,49,18,0,34,36,33,41,30,13,28,36,43,46,0,99,44,22,0,5,51,25,9,63,0,25,21
2015-09-13,15,36,0,20,7,33,23,47,43,58,58,0,41,31,35,54,0,48,21,20,61,34,50,24,51,71,16,24,36
2015-09-20,15,30,0,40,27,0,41,25,21,51,35,13,79,28,14,76,37,48,21,16,10,24,98,63,25,56,16,16,10
2015-09-27,22,41,0,60,17,0,32,25,0,79,56,0,53,30,68,61,18,31,0,22,30,28,54,39,17,82,32,0,25
2015-10-04,37,31,0,20,20,0,9,33,32,46,36,39,33,25,48,65,0,16,0,31,10,48,66,40,50,52,16,0,50
2015-10-11,29,23,0,66,100,0,41,44,32,11,21,39,26,24,54,67,0,16,85,48,20,28,41,31,34,49,16,16,20
2015-10-18,7,20,44,39,50,0,18,50,31,33,62,13,39,23,40,60,71,78,0,30,49,37,86,38,66,72,0,8,54
2015-10-25,42,49,0,19,14,0,13,44,10,38,34,51,57,22,33,56,18,31,41,22,30,18,67,15,16,54,0,100,63
2015-11-01,14,36,15,33,36,32,31,51,92,33,62,0,32,21,60,78,35,77,41,16,10,23,69,31,16,74,16,23,49
2015-11-08,14,35,0,40,24,0,9,51,31,45,56,26,59,18,61,84,0,31,42,14,0,28,48,39,41,42,0,39,40
2015-11-15,14,28,14,57,52,0,13,51,31,32,20,76,19,17,52,65,89,16,21,18,39,14,47,45,41,51,31,46,29
2015-11-22,8,18,0,7,16,35,15,26,56,36,30,0,28,15,36,72,19,34,45,10,11,5,41,33,53,42,17,17,32
2015-11-29,14,20,14,75,32,0,17,25,59,32,33,12,25,17,38,74,0,60,0,26,19,9,41,29,47,57,15,15,28
2015-12-06,7,22,29,13,19,31,18,37,40,38,41,12,57,18,39,68,0,30,0,9,19,14,54,15,32,58,46,0,34
2015-12-13,15,25,0,100,27,0,32,23,21,40,49,38,53,22,14,56,18,47,21,18,20,19,64,31,16,48,0,32,40
2015-12-20,8,22,17,15,11,0,16,28,36,19,65,0,38,17,31,57,41,18,48,11,11,16,56,27,38,21,19,9,23
2015-12-27,8,22,16,14,16,0,15,28,55,24,15,14,7,16,36,72,38,67,22,12,32,20,42,50,17,38,17,25,16
2016-01-03,18,45,25,22,22,0,38,33,69,42,47,21,49,43,51,100,30,52,0,24,25,59,57,19,55,50,40,26,41
2016-01-10,41,45,0,43,41,0,37,34,75,50,40,31,43,47,71,61,0,25,66,41,56,19,70,0,20,58,13,26,32
2016-01-17,24,41,49,54,20,0,37,51,43,46,29,53,76,56,22,69,30,13,17,16,8,39,67,32,27,60,39,26,41
2016-01-24,24,61,24,60,34,26,37,45,51,37,34,21,59,42,100,86,0,13,0,17,41,31,71,25,34,79,26,26,57
2016-01-31,23,31,35,26,17,26,36,33,51,31,39,0,89,35,49,81,29,51,34,14,16,38,73,25,67,66,26,13,47
