date,Debt,Color,Stocks,Restaurant,Portfolio,Inflation,Housing,Dow jones,Revenue,Economics,Credit,Markets,Return,Unemployment,Money,Religion,cancer,growth,investment,hedge,marriage,bonds,derivatives,headlines,profit,society,leverage,loss,cash,office,fine,stock market,banking,crisis,happy,car,nasdaq,gains,finance,sell,invest,fed,house,metals,travel,returns,gain,default,present,holiday,water,rich,risk,gold,success,oil,war,economy,chance,short sell,lifestyle,greed,foood,financial markets,movie,nyse,ore,opportunity,health,short selling,earnings,arts,culture,bubble,buy,trader,rare earths,tourism,politics,energy,consume,consumption,freedom,dividend,world,conflict,kitchen,forex,home,crash,transaction,garden,fond,train,labor,fun,environment,ring
2011-01-02,62,53,64,82,74,41,82,7,39,29,83,31,26,56,84,31,70,74,100,63,52,84,52,27,73,64,27,48,51,32,46,14,87,31,40,64,45,43,73,98,52,63,74,49,76,52,49,35,44,35,64,33,69,39,65,18,70,48,37,31,46,20,0,39,48,18,23,50,54,16,35,41,48,26,75,74,100,41,8,73,35,37,51,76,43,22,52,82,93,14,45,64,47,57,45,43,79,59
2011-01-09,63,47,62,58,86,51,82,8,41,34,78,28,29,70,78,21,59,54,85,53,39,80,66,26,100,95,46,48,53,33,56,14,94,54,33,66,33,44,73,70,68,83,76,45,78,49,40,40,42,30,43,36,69,36,69,17,74,46,26,27,34,0,0,23,52,17,81,45,50,16,43,64,29,43,59,75,0,81,8,76,0,20,50,63,51,22,58,97,92,14,53,85,47,86,61,77,39,56
2011-01-16,59,36,61,64,89,64,86,8,53,28,80,33,50,80,82,41,79,63,85,56,67,83,60,52,85,81,39,48,54,32,52,17,92,45,28,66,36,46,73,66,63,74,83,50,79,58,30,49,61,29,50,26,77,34,78,16,73,45,35,43,45,59,0,42,44,19,34,55,51,27,78,63,37,93,60,65,0,40,48,71,34,28,48,57,43,43,25,90,88,16,41,68,55,51,42,51,26,40
2011-01-23,68,42,63,82,80,64,75,11,65,56,81,26,61,100,78,40,73,95,98,63,32,72,81,26,69,88,23,62,55,35,48,14,93,46,41,67,47,43,79,74,70,83,84,53,74,77,42,36,47,16,48,26,92,37,58,19,78,43,37,59,45,19,0,15,64,20,45,75,51,36,75,76,74,58,63,58,0,30,8,82,0,24,52,63,39,32,56,78,93,30,47,78,73,28,47,61,63,58
2011-01-30,61,49,62,58,74,56,79,9,69,53,83,27,65,78,83,10,74,79,82,64,72,74,66,0,83,73,52,61,56,34,55,15,100,56,50,69,49,48,73,66,66,74,85,43,55,85,64,30,73,18,48,36,78,34,78,27,56,44,30,38,53,18,0,32,45,16,43,97,47,20,65,53,53,40,59,77,0,56,8,91,0,19,51,67,41,50,54,74,99,15,51,59,61,75,57,53,60,62
2011-02-06,63,59,63,86,89,68,71,11,69,27,82,27,57,59,79,69,67,73,95,71,52,90,89,25,89,86,56,57,54,32,50,14,95,49,36,70,35,47,72,80,63,68,74,51,74,73,45,40,73,18,63,49,100,32,66,21,70,40,25,29,65,0,0,29,47,23,11,68,45,35,74,62,27,8,58,69,0,57,16,81,0,27,54,58,43,0,49,75,92,16,41,78,27,22,44,59,49,51
2011-02-13,64,48,63,80,92,76,75,9,72,42,79,29,55,55,78,30,62,95,94,69,25,83,59,26,89,86,45,65,52,30,44,14,81,31,35,66,53,50,81,94,67,70,72,48,61,74,76,46,53,20,47,38,73,34,58,18,75,39,26,29,44,58,0,30,48,25,0,66,45,3,77,77,83,50,63,72,95,39,8,67,0,12,55,68,49,42,31,83,93,16,55,54,36,46,48,61,87,62
2011-02-20,63,45,54,100,77,52,75,12,66,51,79,30,49,41,80,100,50,71,88,62,50,77,66,63,88,80,48,70,51,30,47,17,60,56,41,73,43,55,73,71,61,60,77,47,69,53,80,38,50,18,52,39,94,40,48,55,81,58,34,23,33,39,0,15,53,23,11,63,47,12,77,73,9,33,60,58,0,29,8,97,33,55,45,65,51,83,43,70,89,18,54,77,45,41,40,52,25,41
2011-02-27,60,41,58,74,85,76,84,14,61,50,80,24,48,43,80,59,60,79,92,70,52,72,88,0,73,75,66,62,51,30,36,15,80,51,50,73,28,49,78,59,65,65,82,41,77,50,62,38,61,19,43,37,69,40,84,43,93,68,38,48,33,19,0,26,57,17,11,56,46,18,72,80,81,57,60,83,0,77,39,82,0,35,59,70,40,51,55,78,91,15,43,73,89,72,31,76,61,53
2011-03-06,61,41,53,65,78,66,65,11,61,68,74,24,39,40,77,20,66,57,92,67,37,68,65,25,80,49,60,64,51,30,60,14,65,57,33,65,31,52,73,71,79,67,67,57,87,50,69,37,67,14,41,40,90,36,37,48,62,64,26,45,11,19,0,40,64,17,33,47,48,23,58,63,72,49,53,68,0,29,8,74,0,100,49,83,53,20,30,79,87,4,66,98,36,68,28,75,0,49
2011-03-13,55,53,59,84,82,51,72,15,52,43,76,27,39,36,75,31,73,66,91,77,29,70,50,0,68,82,63,63,48,26,49,19,61,82,30,64,46,42,76,55,71,47,66,51,63,45,65,35,58,15,54,34,84,33,74,31,76,59,28,51,69,40,0,23,54,22,57,45,42,18,59,47,28,68,52,75,98,30,8,73,0,32,38,70,42,21,45,86,88,18,51,90,56,33,31,57,26,45
2011-03-20,60,87,57,64,74,52,71,9,58,13,74,29,39,38,77,10,62,83,88,73,27,81,74,25,65,85,53,67,47,30,43,14,57,63,20,67,47,54,69,65,61,62,72,54,65,44,64,32,57,14,42,35,95,32,51,26,69,34,28,22,43,19,0,33,53,17,21,60,44,14,51,55,71,32,60,63,0,19,8,74,33,42,51,71,36,61,12,81,91,13,59,70,70,67,28,72,37,42
2011-03-27,56,44,54,75,89,67,75,10,63,91,78,22,40,42,77,0,59,81,98,80,40,80,45,25,80,69,88,77,55,34,40,13,67,55,57,70,46,53,72,74,84,70,73,50,78,45,60,33,57,14,44,51,87,33,84,23,41,45,31,45,32,0,0,33,55,17,22,58,46,32,48,61,36,57,59,78,0,77,23,72,33,27,58,87,44,61,49,84,88,27,55,85,44,67,31,78,37,49
2011-04-03,57,44,55,73,78,80,94,9,66,72,77,23,46,47,77,49,67,72,93,92,31,87,72,25,76,78,60,76,54,35,46,12,66,57,49,67,33,60,68,64,69,82,63,62,73,51,72,30,67,18,33,28,84,35,70,28,76,62,30,29,11,19,0,37,59,20,22,57,40,12,64,69,90,48,54,69,93,58,15,62,33,38,62,61,46,71,24,100,93,25,71,80,44,31,47,65,49,41
2011-04-10,56,38,50,53,79,65,76,9,100,46,81,25,75,53,78,20,74,75,96,81,43,89,61,25,75,84,75,100,55,38,47,12,68,78,37,69,51,70,74,93,68,81,74,50,70,87,92,45,87,34,41,60,90,34,80,31,82,45,36,22,55,19,0,18,48,15,55,72,47,12,72,66,36,49,55,65,0,57,23,88,33,42,58,70,49,51,67,77,97,19,57,73,88,36,42,62,24,59
2011-04-17,66,32,52,74,75,100,68,10,77,41,75,27,47,41,75,49,61,71,89,66,22,69,59,0,75,85,63,56,57,39,57,14,67,62,54,67,30,52,67,99,69,64,73,72,58,56,69,43,64,31,52,61,82,50,42,30,71,61,34,49,44,19,0,41,49,17,44,38,39,32,95,45,91,41,58,67,0,19,16,88,67,31,59,64,38,41,18,91,86,20,63,63,18,45,31,49,62,51
2011-04-24,59,47,53,76,95,83,62,7,49,64,77,21,24,32,69,49,47,92,83,91,25,63,79,25,70,88,79,53,55,29,70,13,66,62,40,65,40,39,70,99,75,61,70,66,58,30,52,40,78,15,40,36,95,49,42,29,58,59,27,19,55,0,0,26,39,17,11,28,45,15,66,71,18,73,61,71,0,87,55,65,0,66,52,62,40,21,37,90,82,14,57,51,71,50,30,76,62,65
2011-05-01,53,26,50,94,79,60,78,13,44,13,74,22,21,25,77,39,48,89,83,71,33,87,67,25,85,70,87,46,54,28,39,14,66,61,37,59,40,27,67,76,54,47,59,82,80,30,30,33,80,13,45,32,90,46,46,48,75,50,28,29,11,37,0,18,40,16,21,22,41,12,67,53,71,48,57,70,0,57,31,68,33,53,36,58,37,30,48,81,80,13,48,67,35,66,32,43,61,40
2011-05-08,56,45,48,78,87,59,74,7,38,70,77,20,18,28,77,30,75,54,81,83,35,69,59,25,70,67,42,47,58,30,24,12,71,46,41,65,34,37,66,57,48,61,71,49,64,28,25,39,81,13,51,25,91,39,58,43,44,46,33,33,33,0,0,19,50,15,56,31,41,21,49,53,56,42,53,69,0,58,32,66,100,47,41,62,51,52,25,68,85,8,31,75,36,69,34,49,37,48
2011-05-15,57,47,49,61,67,44,71,10,33,45,77,23,15,28,74,39,55,67,80,81,25,64,54,25,65,62,38,42,57,28,33,11,67,45,36,67,33,33,70,82,54,63,70,62,72,26,50,38,61,12,57,35,64,34,56,30,43,33,19,35,22,19,0,18,45,13,33,22,44,20,32,53,72,81,52,69,0,38,39,57,0,50,45,60,48,20,6,67,83,10,35,65,27,54,31,43,25,59
2011-05-22,54,45,42,67,73,58,71,10,29,33,77,21,15,33,75,40,40,59,75,84,22,60,50,26,64,79,67,48,61,29,31,10,76,40,40,70,26,33,59,72,47,54,78,35,76,25,33,23,45,18,60,35,69,32,38,23,59,44,25,43,22,0,0,34,44,12,34,21,42,15,41,56,46,100,50,67,0,88,8,53,0,24,46,45,38,63,56,88,79,10,63,70,100,51,22,64,50,56
2011-05-29,50,41,40,92,67,48,64,11,31,29,80,24,11,27,78,10,52,64,79,80,23,68,56,0,73,62,37,39,59,27,21,11,88,33,47,64,29,26,61,63,51,59,79,42,71,27,29,40,36,19,61,24,56,29,75,23,99,48,35,41,12,81,0,39,58,10,12,23,39,22,29,60,29,43,57,64,0,72,33,62,35,29,41,43,38,22,20,59,84,19,37,62,19,48,37,87,13,50
2011-06-05,47,42,40,48,84,44,74,12,29,42,81,22,13,31,73,20,65,65,80,79,9,68,60,26,64,75,71,42,60,27,31,11,84,31,26,67,26,36,60,56,53,59,74,38,79,31,30,40,47,13,49,46,72,31,72,21,76,41,34,30,33,19,0,30,47,12,22,20,43,12,33,65,56,8,52,66,0,29,8,53,34,32,48,59,41,52,44,70,83,8,56,75,55,83,30,66,0,46
2011-06-12,58,33,37,82,79,45,68,8,37,19,82,25,12,30,74,10,62,47,77,86,28,74,63,52,59,65,52,39,58,32,27,11,82,42,34,70,31,35,61,64,52,60,76,53,67,41,46,39,59,12,52,33,71,33,53,20,49,32,34,23,33,39,0,34,50,13,78,29,46,18,35,57,37,33,55,70,0,0,24,61,34,20,48,49,38,53,37,72,84,18,66,83,55,42,53,89,25,33
2011-06-19,60,33,35,71,72,42,81,8,32,46,80,19,12,32,77,0,60,52,83,77,47,64,59,26,51,43,26,47,59,27,34,11,83,42,43,76,29,27,60,73,52,64,71,47,85,34,35,37,57,13,53,46,72,35,43,27,63,37,28,26,22,19,0,30,51,13,22,20,43,24,40,52,18,33,49,63,0,39,16,53,0,78,59,62,44,31,68,77,83,18,72,56,64,51,37,41,38,52
2011-06-26,57,33,41,98,83,48,67,8,29,19,86,22,11,34,75,31,46,56,83,87,32,69,27,26,64,57,39,42,58,40,41,9,90,58,31,68,20,32,62,59,41,49,70,47,81,30,59,42,49,17,57,35,63,32,58,21,43,33,24,27,11,20,0,19,49,9,57,30,43,12,28,48,75,34,53,64,0,50,16,67,35,52,61,62,42,64,57,80,86,28,62,76,74,61,28,48,77,72
2011-07-03,56,47,37,72,64,29,66,8,26,43,81,18,12,29,72,31,68,63,75,88,23,65,39,27,51,77,40,40,61,26,53,9,90,26,46,74,18,34,55,57,53,43,66,34,67,26,31,35,50,18,44,40,58,29,55,15,44,44,38,41,23,40,0,16,59,11,12,32,39,19,34,53,58,34,53,72,0,82,16,58,35,12,59,44,36,22,58,81,80,6,62,59,28,57,32,52,53,48
2011-07-10,73,21,43,82,73,61,76,10,33,32,86,25,12,31,77,30,46,50,80,83,46,84,55,25,56,77,57,48,61,33,57,12,88,56,45,70,24,37,66,66,55,60,79,54,83,26,34,70,24,16,50,55,76,39,47,16,62,49,34,36,11,19,0,30,59,12,44,25,44,12,52,51,36,16,56,68,95,29,47,66,0,19,50,50,41,41,18,84,89,16,74,81,63,32,24,49,25,49
2011-07-17,70,20,47,81,73,44,72,8,35,41,86,22,11,32,78,29,49,63,74,79,25,71,60,100,68,100,53,43,64,33,56,10,88,37,41,75,33,31,66,73,52,55,68,48,73,32,41,58,45,13,52,42,68,46,51,14,53,33,35,19,32,19,0,22,49,12,0,21,40,12,53,62,36,24,57,69,0,48,15,59,0,19,62,58,40,41,55,99,84,10,62,68,27,36,37,70,12,63
2011-07-24,100,43,44,76,61,50,65,17,32,31,84,48,11,29,78,19,66,77,78,87,24,85,37,25,57,71,40,47,61,36,42,16,86,58,37,71,29,37,64,81,60,69,80,46,81,24,34,100,37,16,61,50,73,43,28,13,81,49,29,25,21,19,0,33,53,15,75,22,43,17,50,55,62,32,52,81,0,66,38,58,32,30,51,44,41,0,42,76,83,15,42,89,26,35,35,77,12,48
2011-07-31,98,34,62,74,80,52,73,35,29,67,86,42,11,32,90,29,54,64,82,89,30,85,45,24,74,46,37,48,65,36,46,39,95,76,64,74,51,35,88,84,71,63,78,64,72,27,27,52,52,18,59,67,85,60,41,22,64,63,38,22,64,37,100,39,55,27,21,30,46,32,44,69,62,48,61,62,91,65,30,57,32,11,57,56,43,40,42,76,89,23,63,62,43,49,38,53,59,67
2011-08-07,67,37,100,74,85,58,79,58,33,44,84,100,11,29,100,19,64,88,83,99,33,100,52,37,41,69,37,40,67,35,52,74,87,52,53,69,67,35,100,100,89,56,72,79,62,26,48,39,42,20,58,50,60,100,82,42,64,81,42,100,42,18,0,100,58,49,32,16,42,100,43,53,44,16,78,100,91,28,8,71,0,19,51,65,54,30,24,82,93,49,64,81,52,53,38,73,48,67
2011-08-14,57,40,58,62,71,48,71,23,28,49,83,32,11,27,91,19,46,65,67,77,33,71,45,49,48,55,40,40,65,39,26,29,91,46,28,68,34,44,76,85,59,63,67,63,74,24,42,37,56,19,50,58,64,73,59,23,50,42,45,22,11,37,0,32,54,19,53,22,41,49,29,69,53,79,64,79,0,56,23,62,32,30,58,53,45,40,59,83,93,11,52,66,17,44,35,55,48,66
2011-08-21,52,47,52,60,81,55,63,21,24,30,79,34,10,29,81,9,83,55,70,65,32,55,50,36,47,71,24,44,58,35,44,19,87,41,49,68,40,29,69,70,51,55,67,55,61,24,42,29,36,11,38,46,59,77,53,21,60,43,31,18,10,0,97,7,55,15,31,23,42,22,33,67,43,92,62,63,89,82,52,58,31,15,57,56,47,29,40,69,85,26,46,57,59,43,40,49,23,62
2011-08-28,60,45,44,78,67,42,57,15,27,44,84,27,10,31,80,19,72,44,69,62,24,50,56,23,54,68,36,45,64,33,51,15,89,33,38,64,27,32,68,69,51,59,70,47,64,23,44,33,51,16,57,31,70,51,67,16,62,36,30,24,42,55,0,14,52,14,0,29,40,23,50,54,17,31,52,72,0,100,0,57,0,18,51,57,49,29,29,76,83,20,53,70,34,65,75,72,69,44
2011-09-04,54,22,42,54,61,39,59,16,30,43,78,31,11,30,73,28,46,49,67,78,12,59,58,60,39,71,36,41,62,30,31,13,88,53,50,64,24,33,64,73,49,62,65,41,56,27,49,29,62,19,43,39,66,51,40,15,67,48,35,34,21,18,0,38,54,12,62,17,40,14,63,53,17,62,48,77,0,27,59,65,0,18,50,57,40,79,52,76,80,26,54,55,59,64,76,44,35,68
2011-09-11,56,41,40,87,86,39,61,19,33,42,82,28,13,28,78,9,51,45,75,81,31,71,75,69,68,71,41,50,64,34,52,14,90,46,37,64,26,30,70,72,50,57,70,41,55,27,33,41,59,9,45,42,74,50,30,14,57,26,29,33,10,35,0,27,38,13,20,19,44,14,54,74,50,75,50,68,0,71,36,66,0,21,59,78,43,19,28,92,86,16,79,49,82,17,29,47,45,73
2011-09-18,57,49,50,100,90,55,76,19,32,59,78,35,12,26,79,36,49,66,76,69,23,62,73,35,67,82,58,42,60,30,49,18,89,75,46,66,42,47,72,65,62,63,68,52,71,26,39,41,84,14,47,80,68,56,73,18,70,77,31,32,100,17,0,51,45,15,20,26,43,22,59,58,25,45,56,62,0,0,36,64,30,35,61,77,41,75,67,79,81,23,65,46,49,21,52,60,45,52
2011-09-25,61,53,46,58,78,64,69,16,30,66,84,40,11,32,76,27,72,71,81,81,25,66,58,23,84,88,57,48,66,26,42,16,93,50,54,67,30,33,71,68,59,52,65,67,64,26,42,41,74,15,48,46,78,68,55,20,75,74,37,26,39,17,0,54,45,13,49,20,45,35,64,62,74,30,55,68,0,35,56,70,0,38,69,61,38,37,33,81,84,25,79,57,40,70,24,79,22,43
2011-10-02,61,37,52,60,87,56,62,16,32,79,84,32,13,33,82,54,100,48,82,83,39,72,78,69,74,61,75,49,65,29,52,20,93,45,44,62,37,38,73,61,55,66,68,53,64,27,44,34,65,24,48,55,75,50,81,22,60,62,40,29,69,17,0,30,54,17,20,25,44,27,46,66,58,74,56,81,0,18,21,65,30,25,77,63,42,38,50,72,81,19,71,57,41,37,36,44,22,52
2011-10-09,65,42,48,59,75,45,60,7,34,45,85,33,16,34,77,0,77,76,76,73,28,68,72,22,69,75,73,50,69,29,45,17,85,57,33,67,32,45,65,73,56,59,79,42,57,30,46,34,66,25,49,56,70,41,71,17,55,51,52,23,19,0,0,29,43,20,39,25,42,29,72,60,32,36,54,73,0,51,35,68,44,21,70,62,38,18,22,73,82,23,70,72,32,56,34,55,33,65
2011-10-16,65,37,45,58,63,65,66,13,34,45,79,25,13,32,79,26,68,55,76,65,16,74,96,68,95,71,59,52,59,28,41,14,63,55,33,63,20,40,66,66,56,64,66,40,58,27,40,35,81,17,60,54,74,41,54,15,59,53,28,37,39,0,0,40,57,14,39,25,47,18,70,51,48,29,50,65,0,52,14,73,29,41,63,66,34,55,65,69,72,28,50,63,24,80,32,44,100,55
2011-10-23,65,42,46,68,71,50,100,14,31,73,78,26,13,28,77,9,72,82,75,70,19,69,97,78,89,73,73,46,63,28,59,16,57,69,32,64,38,39,73,65,61,61,68,40,64,25,52,39,71,14,46,30,80,45,46,16,55,46,29,37,39,51,0,42,65,14,29,20,44,16,66,51,40,58,56,74,0,77,49,63,0,27,66,64,47,36,22,64,79,17,67,54,40,48,29,48,98,58
2011-10-30,60,34,45,64,71,49,70,17,26,57,85,33,11,32,87,18,79,74,74,57,31,76,83,34,70,76,54,54,66,27,30,16,57,100,75,65,40,35,68,65,54,56,67,51,50,21,35,45,100,23,55,45,77,37,38,13,63,44,36,32,39,34,0,43,67,16,29,38,46,13,50,58,65,22,55,63,0,52,28,72,30,24,69,58,42,18,88,72,79,21,62,59,56,41,28,75,55,55
2011-11-06,59,31,46,95,59,49,58,10,22,60,81,29,12,25,74,17,84,60,71,67,59,88,61,66,75,80,63,44,61,29,35,16,54,81,43,66,26,33,62,57,54,56,61,41,56,22,29,39,73,43,50,45,89,43,58,13,76,56,35,31,19,17,0,52,57,9,67,24,46,15,48,50,32,43,54,56,0,50,0,56,58,24,62,63,36,27,37,68,72,8,55,35,78,79,38,66,54,43
2011-11-13,57,56,39,48,66,56,66,12,29,32,82,29,13,27,71,17,45,88,74,77,21,73,67,43,68,71,63,48,65,27,37,14,53,96,44,62,31,41,64,68,52,53,61,40,56,24,43,35,69,39,44,49,67,38,57,16,48,53,25,47,66,99,0,32,64,12,66,28,47,8,56,68,31,7,53,64,82,33,20,57,29,60,62,59,41,62,48,57,76,8,62,59,77,59,30,54,53,60
2011-11-20,49,17,34,50,52,50,51,11,21,17,74,27,10,26,71,56,32,41,54,71,44,59,59,47,53,52,53,33,63,22,34,12,49,46,51,58,24,34,53,56,38,36,51,40,48,23,40,29,50,50,41,40,58,38,31,13,64,41,33,24,61,18,0,17,66,10,21,24,32,11,38,49,51,23,61,51,0,27,15,45,0,18,66,52,36,19,40,52,59,15,56,55,33,51,25,53,35,82
2011-11-27,55,39,44,84,72,55,64,13,21,49,78,27,14,36,80,49,68,63,79,69,44,77,88,52,71,56,55,43,68,27,53,15,52,88,50,66,28,39,69,69,55,62,69,48,61,27,51,31,76,44,51,47,86,42,51,14,45,54,35,32,45,63,0,28,50,14,100,30,44,29,59,61,83,27,66,56,0,32,19,71,28,42,78,60,46,60,36,77,72,15,60,61,45,45,17,47,31,61
2011-12-04,50,29,40,48,84,60,58,12,28,53,79,27,15,33,78,66,51,71,76,71,31,83,58,21,81,87,100,48,69,30,47,14,49,74,40,57,21,36,62,63,43,44,66,44,58,30,40,32,64,40,40,39,70,38,47,12,48,73,38,46,18,16,0,18,48,11,9,29,42,5,66,65,45,34,67,58,0,72,32,50,28,29,61,68,35,34,46,60,70,15,54,65,37,45,33,61,21,53
2011-12-11,50,79,41,77,66,50,51,11,26,50,80,25,14,27,81,16,37,58,67,69,28,79,51,21,63,55,59,47,67,28,25,13,51,63,43,56,18,44,59,70,44,54,59,41,52,27,40,32,80,41,48,49,74,50,51,12,45,32,21,30,27,0,0,31,49,10,46,24,37,20,64,57,61,48,64,62,0,24,39,65,56,16,66,84,37,86,31,57,68,18,60,44,15,49,18,48,10,81
2011-12-18,41,50,38,71,56,36,48,8,22,29,79,16,11,32,73,9,61,47,59,62,19,72,35,22,42,60,25,45,66,23,57,11,56,30,54,56,21,33,54,47,38,54,60,30,46,26,35,33,53,68,40,35,53,41,50,10,52,31,22,14,39,0,0,17,62,10,10,20,31,8,23,38,40,36,61,51,0,43,28,49,0,21,63,69,38,18,38,52,60,21,27,61,56,36,24,56,11,68
2011-12-25,35,44,40,73,60,27,54,8,24,26,79,11,17,30,75,28,44,27,50,51,35,71,30,47,42,62,47,44,60,25,50,13,56,58,70,61,10,32,54,74,49,60,64,44,50,37,31,16,26,80,69,40,37,41,18,12,89,20,37,6,41,36,0,21,87,12,61,29,31,8,26,41,17,15,63,57,0,18,15,57,31,18,64,59,36,58,34,54,73,16,49,43,33,55,24,48,23,59
2012-01-01,59,50,42,77,59,45,67,7,31,43,83,19,25,53,77,17,56,43,63,57,45,72,31,0,44,73,38,34,64,33,31,13,59,47,48,64,21,36,57,87,48,71,70,39,64,48,26,32,24,44,61,35,43,39,72,14,74,34,32,36,19,32,0,28,73,11,65,27,41,12,18,52,23,21,61,71,0,41,53,60,0,13,77,65,38,26,68,66,87,21,48,60,38,46,20,51,53,54
2012-01-08,55,52,47,70,70,39,71,6,35,55,80,23,29,50,78,56,72,63,75,64,52,75,42,20,75,65,48,51,63,33,24,11,57,53,30,64,29,36,59,64,54,68,82,46,68,49,35,37,37,24,59,34,64,37,61,15,63,41,30,13,26,15,0,42,62,10,0,37,43,24,45,61,66,53,59,49,0,47,50,69,0,31,63,62,41,50,54,55,93,22,66,69,29,58,42,70,50,69
2012-01-15,56,47,46,70,64,32,63,8,43,29,81,23,46,77,79,31,66,75,74,66,20,78,49,20,55,73,28,48,62,35,29,12,60,39,32,69,28,49,60,68,53,74,78,39,65,63,37,31,50,23,53,42,57,33,67,13,57,32,35,38,17,0,0,18,71,7,26,55,40,16,63,59,22,19,59,59,0,61,43,71,26,34,63,58,39,24,34,63,87,19,43,56,28,43,51,49,59,63
2012-01-22,59,72,50,83,75,53,82,10,56,54,82,21,78,73,83,54,70,67,86,57,36,76,62,20,63,77,52,55,63,38,55,12,63,50,48,68,29,90,66,76,64,75,77,48,63,87,68,38,50,18,76,41,58,37,81,13,75,44,30,40,43,15,0,26,61,12,43,80,45,14,72,51,57,19,67,59,0,38,31,61,26,27,72,94,39,24,48,63,89,12,53,58,49,32,40,55,39,56
2012-01-29,60,42,61,65,85,53,95,7,68,43,87,23,81,73,90,16,88,88,87,63,61,82,47,20,83,98,52,65,69,37,37,14,71,39,43,71,30,63,69,86,66,79,96,42,62,88,52,47,72,19,100,49,68,39,100,14,60,33,34,46,9,15,0,35,82,13,26,100,43,19,90,100,100,32,82,67,74,30,18,77,0,15,71,87,42,49,29,60,100,14,64,70,70,61,48,62,19,64
2012-02-05,58,51,57,75,78,51,82,9,59,43,81,22,70,59,86,54,76,88,79,69,44,79,58,40,63,75,52,58,67,36,42,13,64,42,54,70,35,52,66,73,68,75,90,39,71,65,35,37,67,14,82,40,75,34,26,14,70,37,33,30,60,30,0,47,66,13,34,80,43,16,68,66,71,39,70,48,0,45,37,73,26,43,63,83,36,49,48,58,96,17,76,72,56,68,42,75,39,45
2012-02-12,59,34,56,64,77,61,75,10,58,42,80,32,58,45,82,8,57,71,81,64,53,85,57,39,83,68,52,61,61,30,39,14,66,55,48,71,40,46,63,61,64,69,77,37,54,62,63,38,69,22,65,41,66,35,76,17,82,34,29,25,8,0,0,17,64,11,42,60,37,20,62,69,56,19,67,59,0,22,36,72,0,21,60,87,37,32,66,64,91,23,61,76,42,45,38,51,58,84
2012-02-19,59,34,49,64,74,69,77,6,53,46,82,28,53,42,76,31,65,61,77,68,48,75,72,39,61,63,59,70,58,30,44,14,60,47,52,74,39,51,64,70,54,62,89,31,59,55,55,40,74,23,74,40,67,34,51,25,94,53,33,25,59,30,0,17,66,12,43,61,37,18,57,51,42,44,64,63,0,38,18,70,26,51,61,70,44,82,100,58,92,27,49,63,35,49,32,83,49,51
2012-02-26,51,35,51,64,71,57,73,8,47,62,82,20,47,41,83,79,51,73,77,56,32,71,50,20,69,48,63,65,62,33,43,13,55,43,51,70,29,50,67,70,67,62,82,40,64,46,68,26,70,13,67,40,75,36,57,25,61,60,38,36,17,30,0,32,64,10,44,60,40,9,56,64,65,33,65,55,0,31,19,78,27,46,66,87,38,82,64,61,92,20,64,57,57,36,42,54,78,55
2012-03-04,56,55,49,85,76,58,64,8,46,45,81,24,41,39,77,56,66,65,78,60,50,69,54,20,77,58,77,61,58,34,57,15,54,40,54,69,28,45,66,78,56,64,75,46,59,46,61,38,68,13,60,33,78,36,76,19,62,27,35,26,44,15,0,33,66,13,36,48,41,19,53,54,74,40,65,52,0,62,38,84,27,66,66,82,34,50,70,67,93,17,37,57,58,59,45,72,50,58
2012-03-11,46,49,49,61,59,58,74,7,47,55,81,24,39,33,79,16,74,69,79,66,30,71,48,20,68,63,38,62,61,30,48,13,50,54,37,70,32,44,66,71,56,77,74,47,71,43,52,39,84,13,59,41,75,34,56,19,79,47,32,36,26,15,0,21,74,8,17,50,40,19,49,54,44,39,61,48,0,54,56,62,27,25,63,72,39,41,29,51,91,19,47,44,43,62,24,46,20,44
2012-03-18,54,38,48,56,67,48,87,8,44,37,78,26,37,32,78,16,62,69,85,64,35,73,60,30,72,56,63,56,63,31,24,12,48,36,42,71,24,46,66,70,58,63,77,32,72,39,65,33,72,11,73,35,76,32,57,18,55,33,32,36,53,0,0,32,85,15,18,42,38,31,36,58,51,46,62,42,76,54,38,64,66,59,63,100,37,58,49,68,87,17,47,59,79,40,38,100,20,38
2012-03-25,57,74,45,62,87,50,78,6,44,65,82,20,37,31,82,39,57,63,76,66,44,81,49,20,64,82,67,65,61,33,50,11,48,34,43,67,41,54,63,56,57,55,74,37,68,39,56,35,64,17,66,35,80,29,59,16,73,44,29,20,26,30,0,29,97,13,34,41,42,12,46,64,64,51,57,53,0,38,18,65,26,46,66,74,36,49,24,61,85,9,60,84,42,61,26,60,39,35
2012-04-01,49,45,42,66,60,46,71,9,47,29,80,22,40,37,79,8,53,64,74,70,45,66,38,30,72,57,61,68,70,34,24,12,48,35,51,71,25,51,58,66,53,59,78,35,58,50,58,26,59,25,70,34,72,29,53,17,53,29,26,39,35,31,0,6,58,12,44,58,40,19,56,55,44,59,55,55,0,16,44,62,40,28,70,72,33,17,34,72,89,19,43,85,72,58,33,57,50,38
2012-04-08,57,53,46,85,84,60,83,10,64,30,83,26,60,41,88,8,61,68,76,79,53,71,68,62,76,69,57,82,69,39,36,12,48,36,49,69,29,61,62,73,50,52,79,29,60,65,97,31,43,20,64,39,92,31,43,14,70,35,27,27,27,16,0,37,57,13,27,66,39,12,57,62,82,60,59,54,0,32,13,60,0,41,61,68,39,51,50,65,90,19,39,73,29,60,39,63,31,54
2012-04-15,52,55,46,85,70,53,72,9,72,54,84,19,66,46,82,23,89,55,83,65,39,64,56,20,77,76,52,70,66,38,57,11,46,47,43,73,32,57,63,72,60,64,74,32,72,69,42,32,68,19,60,58,77,26,55,16,55,56,37,30,51,0,0,20,51,12,26,53,38,14,64,59,50,57,58,48,0,53,12,61,26,33,67,69,37,32,53,63,89,15,58,75,28,39,31,72,10,62
2012-04-22,60,37,42,75,64,55,78,8,37,54,83,21,22,30,80,8,61,93,78,78,36,75,72,20,82,61,52,41,67,32,42,12,46,71,44,63,28,36,60,66,52,53,86,24,69,28,38,44,67,7,56,50,91,26,44,14,58,55,37,33,25,0,0,23,51,8,17,29,39,21,76,52,49,32,57,46,0,30,55,67,0,39,55,78,38,48,33,63,80,15,47,61,35,39,27,59,10,46
2012-04-29,60,44,46,79,66,46,71,8,32,61,83,21,19,28,80,46,61,57,69,73,34,65,73,30,71,59,72,42,73,33,29,10,49,53,36,69,35,35,63,68,54,42,66,29,69,27,44,34,48,11,69,30,77,27,70,13,55,53,30,33,34,0,0,17,37,11,17,35,39,12,54,53,35,32,63,57,73,75,37,62,0,33,58,68,33,16,43,53,82,15,53,57,14,53,31,66,19,62
2012-05-06,57,42,41,77,75,50,70,10,30,72,82,20,17,30,78,23,54,62,75,80,48,47,81,39,61,69,59,48,64,33,29,12,46,44,46,68,31,33,58,59,38,54,66,41,63,26,39,38,69,12,60,37,74,30,55,17,55,27,29,15,26,30,0,17,54,12,51,26,36,21,38,52,43,32,57,45,74,83,31,64,26,18,57,61,36,40,38,65,77,21,59,69,42,46,25,85,10,53
2012-05-13,59,52,60,75,62,38,75,9,32,25,84,23,16,23,81,16,62,50,85,85,29,66,100,20,48,61,58,50,65,36,40,14,50,82,48,76,59,33,68,84,56,57,68,44,72,25,48,41,65,12,47,41,83,35,67,16,56,36,31,28,17,15,82,32,41,13,52,26,37,30,43,59,29,32,100,57,0,46,37,66,27,25,62,61,40,41,49,65,82,15,59,68,43,57,26,69,10,56
2012-05-20,53,57,52,36,56,39,65,9,26,40,84,21,13,27,82,24,54,43,65,80,37,60,71,40,55,65,51,40,69,31,37,13,50,55,38,75,58,34,68,70,46,49,77,26,71,23,39,32,33,15,69,45,55,33,53,16,55,57,39,47,0,30,0,21,52,15,18,24,37,24,38,47,65,46,62,45,0,54,19,59,0,25,60,59,37,50,34,72,73,20,52,83,22,36,16,70,20,51
2012-05-27,47,41,36,74,54,57,56,10,26,26,85,20,13,29,74,16,51,37,67,69,28,57,44,0,42,57,36,37,68,29,36,13,51,59,34,71,27,24,59,57,45,48,65,32,63,26,17,27,42,17,59,36,55,32,54,17,66,46,33,29,27,0,85,33,45,9,27,19,35,24,38,50,37,34,52,49,0,47,13,61,0,16,57,54,32,17,76,60,78,13,56,77,29,37,28,71,20,37
2012-06-03,55,47,37,80,60,34,83,10,28,29,86,24,14,26,78,32,48,40,65,82,15,58,47,41,52,62,33,45,68,32,43,11,58,40,45,72,36,31,60,62,54,57,75,36,71,29,24,28,45,11,58,26,62,34,45,18,53,24,31,36,35,31,84,15,47,11,44,26,38,24,31,43,7,20,59,52,0,39,38,56,0,19,56,67,38,17,25,50,80,11,53,86,58,58,28,55,10,58
2012-06-10,49,62,34,65,61,34,64,8,29,37,87,22,14,20,78,32,48,38,74,74,37,59,58,20,55,72,28,38,69,32,32,11,58,45,33,75,28,29,58,58,40,57,77,27,74,24,35,41,48,15,55,30,53,30,57,17,64,32,33,29,35,31,0,18,52,9,9,18,38,17,42,55,15,39,55,50,0,16,38,63,27,28,61,61,36,50,54,56,85,20,77,79,22,47,28,59,40,54
2012-06-17,51,21,37,51,64,45,67,10,28,26,86,22,12,22,81,32,42,47,62,77,27,56,57,20,62,71,38,43,72,31,19,9,59,35,41,76,22,29,57,61,40,59,74,35,64,27,43,32,47,11,64,39,64,29,23,18,53,30,33,39,0,15,0,24,48,6,53,23,40,24,31,47,29,20,57,49,0,31,25,58,0,9,67,69,34,41,30,67,79,11,46,80,29,37,33,59,10,46
2012-06-24,49,57,32,69,60,41,64,7,28,15,87,16,14,22,85,32,46,59,66,79,25,55,45,0,56,54,30,51,67,35,43,11,57,25,53,77,29,30,60,67,42,54,71,33,77,20,33,32,43,17,69,34,78,31,68,19,50,31,28,13,35,15,0,21,70,7,35,25,54,9,35,66,51,33,53,54,0,46,19,62,40,12,61,67,40,49,34,52,80,16,49,87,50,65,20,61,30,70
2012-07-01,45,42,31,70,60,31,55,7,23,38,86,19,13,31,80,25,30,49,58,66,26,55,51,42,53,63,21,46,72,30,58,8,57,40,58,74,28,26,55,67,46,56,77,37,71,21,32,26,41,25,81,26,50,28,24,17,50,23,33,24,55,16,86,12,72,10,36,18,42,22,27,58,23,20,53,51,0,40,32,66,0,26,70,66,37,0,61,58,82,10,61,63,45,60,24,61,31,58
2012-07-08,49,40,34,78,65,41,74,8,27,32,87,23,13,29,80,16,72,48,66,72,49,68,61,30,52,85,50,44,68,34,47,9,55,29,52,78,25,38,55,56,55,43,74,42,75,27,41,34,53,16,80,100,55,30,52,15,42,26,30,18,9,0,0,29,52,8,9,27,43,9,28,54,36,26,54,47,0,23,31,65,26,15,74,66,38,32,53,61,88,9,55,64,56,100,27,47,48,60
2012-07-15,46,39,34,63,64,38,56,5,27,36,84,17,13,23,82,31,45,55,68,64,17,61,46,39,52,53,32,43,67,32,57,9,49,32,44,75,25,34,59,64,49,55,77,33,75,36,39,33,50,13,73,40,64,29,63,13,58,35,35,18,43,15,0,37,61,10,34,21,40,14,45,44,57,51,52,40,0,60,30,58,0,9,66,69,38,32,53,60,82,18,43,67,49,67,31,64,48,61
2012-07-22,52,54,37,77,59,37,77,11,32,15,80,22,14,25,85,24,54,48,66,59,30,64,43,60,55,48,53,44,72,38,53,10,49,23,42,77,30,32,61,74,48,74,75,30,63,29,34,35,54,14,85,30,49,32,26,13,39,35,19,28,44,46,0,26,61,9,44,25,42,9,45,48,58,33,49,44,0,62,31,55,0,15,64,69,36,49,44,63,88,12,53,81,35,72,30,86,19,52
2012-07-29,52,19,36,58,53,36,76,10,25,14,87,18,14,30,84,16,41,52,72,64,39,54,30,20,69,56,40,47,74,38,55,9,50,21,53,74,22,32,57,73,38,68,77,34,60,32,45,29,38,22,64,44,63,33,48,13,50,18,31,23,26,15,0,12,51,9,26,17,43,9,51,37,29,45,55,51,0,53,37,49,39,15,68,59,32,32,24,60,80,18,52,94,49,61,32,60,48,45
2012-08-05,55,48,32,77,61,41,70,13,25,28,80,17,13,23,73,8,54,40,68,60,34,60,41,20,51,57,37,39,70,37,44,10,46,29,46,73,17,31,53,54,39,38,70,32,67,38,42,36,32,16,82,51,66,29,51,11,37,31,26,23,51,15,0,26,55,8,43,24,40,14,43,55,42,38,49,53,0,22,55,62,0,21,63,61,37,24,33,40,77,18,53,69,63,63,37,59,58,57
2012-08-12,51,66,34,73,66,37,56,7,27,32,84,18,13,24,79,8,43,49,69,53,34,52,40,20,46,60,37,40,72,44,41,9,46,37,40,76,28,38,58,56,43,54,71,24,68,37,32,32,31,14,71,43,59,31,44,10,34,38,42,23,34,44,0,11,69,5,34,28,40,16,29,47,42,25,47,50,0,22,42,60,26,27,62,72,36,16,57,54,79,15,70,41,49,28,19,68,38,80
2012-08-19,52,35,37,79,60,39,70,9,26,25,80,14,13,21,86,15,48,45,68,67,41,55,43,0,55,60,30,40,68,38,36,8,44,37,53,74,22,39,57,62,43,54,77,33,68,28,40,34,37,11,68,39,60,31,44,11,42,39,31,43,26,0,0,46,63,6,51,19,42,12,50,47,28,38,57,46,0,60,73,51,0,30,68,69,38,32,57,52,73,8,59,69,28,53,37,61,29,65
2012-08-26,51,34,33,72,62,42,56,5,25,46,79,22,12,27,80,15,57,41,61,57,36,56,40,0,68,57,41,40,71,38,36,8,49,32,36,76,29,38,59,61,46,60,69,31,63,29,36,31,42,16,62,34,56,31,44,13,41,28,32,22,17,30,0,37,63,8,42,23,41,11,45,54,21,44,52,50,0,22,24,50,51,15,62,57,32,48,52,51,74,9,48,51,34,70,67,56,19,44
2012-09-02,55,36,36,54,58,52,59,7,22,25,78,16,13,24,84,38,48,41,63,58,41,55,55,19,54,62,36,34,71,31,41,9,47,56,45,66,26,39,52,70,54,50,60,28,56,46,39,28,48,17,73,37,62,33,62,9,56,30,25,30,8,88,0,26,67,7,42,23,38,9,60,57,49,32,52,46,0,44,48,52,51,24,63,65,32,55,43,64,72,17,51,39,34,53,90,48,85,58
2012-09-09,54,42,42,51,77,57,69,13,32,38,78,23,13,23,79,7,50,59,68,66,37,63,60,19,81,66,54,45,71,31,30,11,45,34,42,65,31,45,61,78,56,71,70,41,61,32,45,30,61,12,61,40,78,35,32,13,60,51,47,14,33,14,0,33,79,9,16,22,41,15,62,56,47,67,51,49,0,22,35,60,25,26,62,73,36,31,59,41,76,9,56,68,47,17,33,77,18,70
2012-09-16,55,51,45,58,75,58,68,8,29,58,76,24,15,25,82,37,58,78,77,66,32,61,63,0,73,72,42,50,69,35,30,11,47,26,43,66,16,56,59,65,61,58,69,48,59,47,57,30,73,13,51,47,69,35,49,15,68,49,35,22,81,71,0,19,72,10,24,27,41,7,62,39,27,55,50,41,0,29,64,52,0,35,66,62,33,15,59,52,75,17,48,62,53,34,25,65,37,64
2012-09-23,59,20,40,70,66,51,59,7,29,41,79,17,15,27,80,66,53,67,70,67,44,61,66,0,69,71,58,45,71,31,50,11,53,31,41,66,30,51,57,67,52,51,66,42,59,35,49,39,86,16,70,44,77,32,52,12,66,45,32,17,32,57,0,25,54,10,24,24,43,22,72,60,27,36,53,53,0,36,29,60,0,26,69,64,31,23,96,52,77,14,50,51,26,40,47,50,46,50
2012-09-30,55,54,39,54,71,50,61,7,29,67,80,16,14,31,86,15,55,68,74,65,23,65,64,28,67,66,46,45,74,30,54,11,56,41,59,69,31,43,56,66,55,60,69,42,55,29,49,34,47,15,53,50,70,31,31,13,68,60,28,21,72,14,76,22,56,10,24,25,43,11,65,58,47,42,54,33,0,14,75,57,73,11,68,65,39,30,32,54,76,19,67,75,26,47,35,66,18,40
2012-10-07,52,47,38,70,76,51,60,8,30,53,80,19,17,31,79,50,68,55,69,60,45,55,49,18,72,69,55,48,62,30,55,10,61,45,45,67,23,45,59,58,47,53,62,36,56,32,43,35,79,24,60,48,66,30,54,13,75,52,24,21,47,14,75,27,57,10,24,23,41,17,54,67,72,18,55,38,0,14,34,56,0,44,56,57,37,15,35,45,70,7,49,64,52,29,29,67,45,40
2012-10-14,51,52,41,53,73,52,69,3,32,32,79,17,15,30,76,35,72,53,80,64,42,54,56,18,73,57,56,48,67,30,67,11,61,46,53,65,25,63,57,62,53,43,62,36,53,33,38,35,75,16,57,46,71,27,64,14,57,43,35,18,39,27,0,24,57,9,39,27,41,10,64,47,45,70,53,47,0,27,61,58,71,36,59,56,32,37,44,47,68,14,57,45,32,48,29,42,35,45
2012-10-21,57,52,44,63,67,41,48,9,25,68,76,18,15,26,78,28,59,49,68,65,35,50,52,0,71,56,52,37,68,30,40,11,60,41,51,63,35,44,53,60,47,43,56,41,58,26,49,27,65,17,51,45,75,34,74,15,50,50,37,35,16,27,0,21,48,10,23,22,44,8,57,54,58,46,50,45,0,62,100,45,24,33,66,59,32,29,48,41,66,12,62,59,13,39,24,72,35,51
2012-10-28,50,32,35,38,58,43,53,5,27,39,74,21,12,27,71,35,58,59,63,55,49,52,34,36,52,70,31,42,64,27,55,13,64,40,45,61,25,33,51,65,43,36,60,39,51,27,36,26,65,14,59,36,59,27,67,12,38,51,38,23,47,54,0,26,49,40,31,25,37,17,44,48,32,35,49,34,0,21,73,56,24,30,51,48,33,37,44,49,65,7,37,56,32,39,13,50,26,36
2012-11-04,54,39,44,48,66,48,49,18,22,58,77,19,12,30,77,28,65,63,67,53,63,51,49,18,73,46,53,45,60,30,52,28,63,39,44,60,31,63,56,63,44,54,66,33,52,34,48,23,67,25,65,57,68,35,53,14,58,60,29,25,15,40,0,34,51,18,15,24,45,10,51,56,32,23,52,40,0,47,93,68,23,35,56,65,31,58,30,46,67,21,54,60,31,38,20,59,43,40
2012-11-11,56,46,38,54,70,53,56,15,25,49,79,16,13,29,78,14,55,63,73,59,46,67,46,27,70,54,36,42,69,30,48,15,61,43,55,63,30,63,58,67,55,52,63,47,53,24,44,26,70,48,55,47,66,33,77,15,87,47,33,23,23,27,0,16,53,11,8,18,42,8,34,63,52,23,54,46,0,14,17,65,36,30,55,62,33,44,53,48,73,10,54,65,64,48,18,73,18,48
2012-11-18,40,40,32,62,58,33,48,6,18,28,73,13,11,26,65,15,31,49,55,43,33,50,31,0,55,55,41,37,62,20,35,11,60,23,59,57,25,45,49,49,50,41,50,30,47,19,36,22,39,49,54,33,56,29,50,10,48,20,34,27,49,14,0,25,48,7,25,18,32,13,46,32,34,37,65,41,0,44,18,44,25,29,59,56,34,23,56,40,52,6,44,40,27,38,20,43,19,50
2012-11-25,50,26,40,66,70,51,56,8,25,55,80,23,14,25,77,33,53,61,66,56,29,61,49,17,69,49,68,43,70,28,40,10,65,47,56,63,32,68,56,57,43,51,57,45,56,28,51,28,63,38,58,41,74,32,51,12,67,44,28,13,51,38,0,30,45,9,44,26,41,12,40,60,43,49,66,42,0,20,5,61,0,34,64,87,37,42,54,40,69,24,42,49,54,79,32,42,50,54
2012-12-02,53,58,41,63,73,57,63,9,25,65,78,19,15,27,79,34,48,77,75,63,29,66,53,0,73,54,75,47,77,30,52,11,65,42,60,63,37,66,56,64,47,53,60,39,64,28,75,32,76,39,46,60,76,33,70,10,69,48,31,20,0,26,0,18,54,10,52,28,41,18,39,60,62,50,63,39,0,20,21,70,34,50,56,100,37,42,79,54,68,23,56,60,36,52,34,63,34,77
2012-12-09,49,39,39,52,69,51,57,8,23,76,78,16,16,27,81,48,40,77,66,51,23,67,49,17,62,61,54,44,74,27,37,9,68,45,38,61,12,62,54,71,51,56,60,32,51,29,61,28,72,42,46,25,71,31,36,11,59,37,34,20,8,13,0,35,47,10,15,27,36,18,63,41,69,45,63,37,0,39,27,55,23,37,65,80,32,28,25,31,64,13,60,45,18,40,30,54,17,61
2012-12-16,42,40,33,54,55,43,49,9,24,42,78,16,13,29,75,14,30,57,58,48,24,63,45,18,53,42,38,43,77,31,40,9,68,43,55,60,25,64,58,54,38,43,57,31,56,25,45,28,44,60,42,34,55,34,57,8,54,29,28,21,54,0,0,24,50,20,23,24,33,8,40,36,32,6,61,40,0,14,0,52,24,22,68,81,35,22,44,43,58,18,51,54,38,32,23,60,18,60
2012-12-23,34,28,33,64,48,33,47,7,14,11,75,9,16,31,72,16,59,38,43,47,42,57,18,20,34,40,30,30,66,23,32,10,65,11,53,61,23,52,48,65,38,44,55,35,47,32,36,20,21,84,57,32,36,34,34,8,56,25,27,18,17,15,0,6,78,9,26,19,25,5,23,33,51,33,58,39,0,31,12,46,27,12,66,52,30,16,44,47,59,17,49,48,50,40,18,30,20,77
2012-12-30,52,30,42,71,52,46,56,11,26,36,83,20,25,46,82,14,50,49,64,52,54,65,28,18,39,59,23,37,74,30,36,13,71,18,69,68,32,100,57,60,59,82,74,50,61,51,57,30,26,79,44,33,46,34,44,12,63,23,36,14,39,0,75,11,66,12,39,39,36,13,30,58,52,35,69,42,0,21,28,66,24,14,76,67,35,45,66,55,76,14,54,71,64,46,25,59,36,55
2013-01-06,54,49,44,70,65,49,68,7,28,37,81,18,32,49,80,26,58,51,74,50,71,54,40,17,77,53,32,49,67,42,65,10,60,33,45,68,24,58,61,55,64,79,70,40,60,60,51,32,40,30,62,41,54,32,47,10,47,37,30,15,37,13,0,32,70,10,22,51,44,14,37,61,55,27,61,41,63,45,26,69,22,34,65,60,35,96,66,48,81,17,53,59,72,39,26,53,50,55
2013-01-13,53,35,48,64,64,45,63,12,35,36,80,21,37,49,83,32,42,63,73,55,59,59,40,50,76,54,41,44,67,39,33,11,58,24,63,69,24,43,61,70,57,76,81,42,75,67,49,37,46,25,61,33,61,33,62,10,74,47,30,27,36,50,0,29,65,11,29,43,41,14,50,55,54,43,58,36,0,38,5,58,44,15,69,58,35,54,32,38,80,18,51,62,35,48,32,53,40,59
2013-01-20,57,41,46,64,59,46,72,7,40,21,78,21,53,56,85,53,69,79,77,52,43,58,45,33,75,71,36,49,69,38,58,12,59,34,59,68,32,44,59,64,68,77,83,39,67,80,49,29,50,25,52,36,59,31,38,10,71,46,34,32,0,51,0,25,63,11,44,66,40,10,80,46,79,44,59,40,0,51,16,68,22,10,71,68,36,34,57,47,79,19,77,69,41,36,36,58,16,46
2013-01-27,54,40,49,90,73,46,79,11,52,35,82,19,73,70,85,44,68,77,72,56,38,65,48,41,76,68,45,49,67,42,49,11,61,28,64,75,24,51,61,79,68,73,76,33,74,100,50,31,73,15,57,38,69,31,72,10,81,30,31,42,49,49,0,19,63,12,21,90,42,28,71,54,70,42,62,43,0,56,20,72,0,25,79,83,37,40,47,53,90,17,81,67,52,49,33,52,40,55
2013-02-03,50,54,48,55,57,47,69,10,63,24,83,23,82,50,82,26,56,69,76,55,48,57,38,41,87,68,45,55,67,41,54,13,60,38,61,75,33,49,60,61,61,81,83,29,67,95,52,28,60,15,60,25,89,28,83,10,90,33,43,25,0,0,0,19,59,9,21,88,40,11,65,58,53,48,59,45,0,25,30,72,0,38,74,82,39,94,64,56,87,19,57,92,29,53,33,81,64,62
2013-02-10,53,34,48,69,68,56,67,8,60,35,82,20,71,43,81,51,55,68,71,57,34,59,41,17,66,62,52,61,62,35,58,11,64,38,75,72,37,44,60,64,53,78,78,47,67,77,67,29,89,23,63,32,73,33,55,11,91,46,28,29,21,12,0,24,68,9,28,78,38,15,59,50,47,32,57,48,62,31,25,68,0,17,71,79,36,54,59,44,79,13,49,82,47,64,34,90,41,73
2013-02-17,56,52,45,67,68,53,59,7,61,53,83,21,66,41,77,38,58,72,76,63,26,60,50,16,66,62,45,60,59,38,41,13,62,43,57,75,37,51,60,53,63,64,83,52,75,67,54,31,80,27,57,41,69,40,61,12,85,39,29,29,64,37,0,22,61,7,43,66,40,19,66,62,41,26,62,40,0,31,20,67,43,23,59,75,35,40,52,48,84,28,45,56,29,73,24,58,65,53
2013-02-24,57,41,46,71,74,52,71,9,57,41,86,20,59,36,78,44,60,65,79,49,34,60,52,0,73,56,52,67,61,38,62,13,66,42,59,74,24,55,64,67,55,63,75,52,70,56,61,34,71,13,58,34,85,36,78,10,62,40,32,45,28,0,0,19,58,9,42,53,40,23,67,56,46,16,61,55,0,37,15,75,32,25,70,78,34,26,55,45,86,100,64,58,34,58,32,55,47,47
2013-03-03,57,51,49,57,60,57,71,15,48,47,82,22,49,36,79,32,55,66,75,62,50,62,65,24,68,55,59,61,63,37,34,15,63,37,50,75,43,61,62,78,66,71,75,46,67,53,65,32,65,12,51,33,69,32,57,12,79,38,28,37,42,24,0,31,56,10,14,50,38,23,55,57,41,73,60,40,0,44,5,68,43,22,75,81,34,40,51,58,87,21,50,59,17,41,28,65,24,49
2013-03-10,54,74,47,71,74,54,71,9,43,41,82,20,49,30,78,38,58,61,74,56,48,51,43,16,85,46,55,65,66,39,50,13,63,28,54,71,29,62,59,71,62,58,84,43,72,54,60,29,42,12,56,37,77,28,58,10,67,43,43,23,28,25,0,10,59,8,7,51,39,10,50,54,35,53,55,43,0,50,0,47,43,22,69,79,33,80,59,39,85,11,58,59,35,56,35,76,32,53
2013-03-17,55,42,47,68,71,52,60,9,42,56,77,15,44,33,78,32,59,69,88,67,46,59,38,32,83,40,53,57,63,37,45,13,61,60,48,71,28,63,61,59,51,63,85,52,74,45,68,29,70,13,64,36,73,33,82,9,87,55,41,33,50,37,0,26,50,8,21,47,40,19,56,48,35,42,59,45,0,68,20,54,43,33,71,85,35,53,48,63,82,23,69,82,69,62,24,72,71,45
2013-03-24,55,63,40,80,72,48,63,7,37,64,80,17,40,35,79,46,49,59,74,70,68,66,43,25,57,56,55,62,63,41,49,13,62,62,47,71,24,53,54,83,54,64,83,47,71,45,54,28,65,26,50,31,66,31,50,10,76,46,38,13,15,38,0,5,57,9,22,47,41,12,61,69,49,38,53,42,0,32,5,55,22,21,67,69,33,28,33,59,84,16,60,75,36,45,22,73,33,44
2013-03-31,51,39,41,58,73,51,73,11,49,45,84,14,45,35,78,13,67,70,70,71,53,65,50,0,66,45,42,70,66,40,26,12,64,49,51,72,29,65,58,57,51,59,74,58,75,48,60,36,47,15,59,28,69,32,40,9,84,24,29,15,58,0,0,19,49,9,65,50,40,23,52,61,66,59,60,41,0,51,26,71,33,15,73,78,36,27,57,40,91,18,70,72,29,45,27,46,65,63
2013-04-07,55,44,44,72,69,51,72,7,59,62,82,20,63,35,82,51,71,66,78,65,46,74,51,16,80,68,74,81,68,45,45,13,59,39,63,75,31,68,59,74,65,57,79,53,75,60,85,38,53,13,48,25,76,34,82,10,75,38,24,31,14,25,0,12,55,8,0,54,39,25,59,64,24,58,61,45,0,31,25,55,43,38,73,88,33,40,60,52,90,28,58,80,52,50,26,81,40,46
2013-04-14,47,40,45,56,75,57,74,13,59,65,81,17,63,37,77,51,47,82,74,79,56,62,38,24,71,56,45,64,67,47,41,13,59,38,48,75,34,48,60,82,55,66,74,100,65,62,75,28,73,15,55,27,88,91,58,14,65,35,29,31,14,25,0,38,54,11,21,49,39,21,76,54,23,37,65,44,0,87,5,68,21,25,71,63,30,53,63,41,84,20,55,88,52,56,32,72,32,38
2013-04-21,54,37,45,75,69,48,69,11,34,64,78,20,25,30,80,13,54,62,79,73,29,51,48,33,68,56,48,50,67,35,31,11,59,34,63,76,24,44,61,74,58,49,74,57,68,37,63,31,75,11,50,27,88,48,50,10,56,41,29,23,43,63,0,24,45,8,43,35,38,25,70,62,54,32,61,43,0,70,15,53,33,26,61,81,30,41,57,45,76,13,53,75,23,39,36,50,24,62
2013-04-28,55,52,43,65,74,51,75,10,33,57,82,22,26,22,76,39,50,71,76,72,31,68,57,17,71,51,79,48,71,39,42,12,66,38,43,72,21,43,63,74,55,60,72,41,62,34,60,37,73,11,59,38,81,37,37,10,55,36,41,19,50,25,0,39,54,10,36,26,37,17,59,63,42,43,63,35,0,57,31,59,0,41,59,78,33,34,48,55,82,27,62,70,24,45,28,54,57,70
2013-05-05,54,53,44,72,78,53,66,11,25,67,79,17,21,26,79,33,40,61,76,72,31,59,50,33,75,50,60,36,64,38,33,13,64,37,72,75,29,38,59,56,65,47,71,45,60,30,59,32,77,13,44,37,74,33,50,10,41,47,43,23,29,13,0,24,46,7,29,31,37,16,57,54,36,70,59,37,0,38,31,53,33,28,59,75,34,34,65,44,74,18,53,60,18,60,22,55,48,64
2013-05-12,49,67,46,69,68,49,61,9,34,77,81,20,20,23,80,33,57,62,69,76,25,54,47,0,63,57,40,45,63,45,43,13,61,32,55,76,27,43,65,79,63,59,68,52,72,33,57,30,40,12,58,31,64,38,51,11,49,39,24,26,44,13,0,15,46,10,22,23,39,18,42,67,73,44,57,28,0,26,26,68,22,13,63,74,36,35,58,55,78,13,55,48,60,30,43,55,50,37
2013-05-19,50,55,45,48,67,40,66,12,27,39,78,18,16,23,78,72,52,52,69,77,29,49,34,0,54,50,44,34,69,40,31,11,59,39,41,76,38,40,60,73,55,54,68,53,69,25,37,24,38,16,56,27,62,35,47,9,51,41,28,37,22,63,0,22,56,10,22,30,37,16,34,46,18,60,55,37,0,19,16,58,22,5,56,57,32,14,77,55,73,25,39,76,24,54,21,78,42,49
2013-05-26,45,43,43,65,61,39,64,10,25,22,78,19,14,22,84,14,34,61,67,78,26,48,40,35,71,65,42,40,68,39,33,11,65,30,72,78,24,44,57,66,48,47,70,43,77,24,56,30,38,17,53,19,47,33,20,9,61,21,30,41,15,53,0,8,49,6,46,20,36,10,42,50,25,46,55,39,0,34,38,55,0,16,65,60,32,58,56,55,79,12,56,69,19,44,25,70,9,46
2013-06-02,51,30,39,76,61,40,76,12,25,43,84,18,15,25,77,40,47,57,63,73,27,52,57,34,61,58,27,36,74,41,31,11,64,28,56,75,29,37,62,75,39,52,78,46,72,27,34,27,40,14,52,23,67,28,41,9,57,31,37,11,7,26,69,15,51,7,7,20,40,14,40,52,37,27,59,42,0,39,10,60,0,10,67,64,35,21,41,45,79,18,55,58,48,61,28,67,33,42
2013-06-09,50,42,39,70,59,31,63,11,25,19,84,19,15,24,81,13,42,49,66,75,23,52,49,17,54,51,24,43,71,42,57,11,65,37,58,78,14,38,61,68,48,57,72,52,77,26,40,27,42,12,55,20,63,30,54,8,87,32,30,11,52,39,0,23,52,8,37,24,38,10,41,55,18,50,58,44,0,78,21,57,23,8,65,67,36,14,37,48,82,21,60,69,24,61,32,67,25,56
2013-06-16,50,42,37,61,60,34,63,13,22,31,86,18,15,22,81,14,51,51,70,71,28,54,32,26,60,60,50,36,70,47,41,14,63,27,44,79,23,36,65,73,50,66,70,44,78,26,34,25,48,11,58,21,56,38,52,9,59,30,39,15,22,13,0,18,55,11,23,20,41,12,40,48,50,34,57,43,0,39,16,50,23,3,63,61,40,35,63,53,78,16,54,73,55,40,28,59,50,63
2013-06-23,52,62,37,70,62,33,66,14,24,40,84,21,14,21,82,20,51,48,62,82,76,62,38,17,67,43,28,39,71,45,39,14,67,21,51,78,21,38,61,58,38,59,67,64,77,23,35,27,47,13,53,47,53,49,45,8,72,38,32,9,37,39,0,18,55,10,15,26,39,12,28,54,49,44,56,39,0,66,11,61,45,13,70,57,32,42,54,56,79,15,66,58,73,37,31,61,34,60
2013-06-30,49,40,32,74,54,33,60,10,18,26,84,22,13,28,77,43,45,44,58,66,45,52,26,18,48,41,23,28,74,42,46,10,66,31,45,77,19,31,54,71,45,48,68,43,69,22,35,26,39,28,70,28,47,39,31,8,68,31,32,9,24,55,0,35,60,9,47,25,35,8,18,40,20,35,56,41,0,35,17,57,24,8,73,51,34,30,22,43,76,17,63,58,32,65,24,66,44,54
2013-07-07,52,22,37,65,66,38,62,12,25,28,86,18,14,28,80,7,48,64,65,88,42,61,38,52,49,36,54,37,73,47,47,11,66,28,52,80,17,39,63,66,46,55,76,40,82,26,43,28,32,15,60,26,62,36,64,9,60,19,40,29,22,13,0,13,58,9,22,25,40,14,42,55,61,33,57,45,0,13,26,61,0,26,69,57,40,14,87,56,86,42,60,60,55,55,36,63,17,46
2013-07-14,54,41,38,72,66,37,70,15,24,43,85,21,14,28,81,7,57,63,64,77,39,47,34,0,56,60,60,41,74,49,40,10,63,26,40,79,30,33,60,62,41,54,73,39,70,27,39,30,32,14,70,33,50,32,44,10,47,33,36,24,37,38,70,22,60,9,15,26,41,12,39,53,49,22,54,40,64,39,16,66,45,13,64,56,40,28,33,55,85,16,63,59,30,42,26,47,50,67
2013-07-21,54,48,41,61,61,39,66,9,26,22,82,20,14,23,82,33,72,57,73,76,17,47,45,17,59,47,47,43,78,53,40,11,59,25,75,82,31,38,59,57,50,49,85,54,64,32,45,29,48,16,54,28,62,32,44,9,46,19,36,20,15,0,0,10,55,9,22,21,40,14,45,39,31,38,56,47,0,13,16,54,23,18,60,61,32,21,49,52,76,28,54,75,36,73,43,49,33,63
2013-07-28,46,46,40,76,69,33,67,9,22,34,89,14,16,30,85,20,41,47,67,70,37,55,42,17,63,53,23,38,81,55,43,11,65,25,52,75,27,39,58,63,61,64,79,40,70,32,31,27,43,26,58,27,58,31,41,9,47,19,31,24,29,26,0,12,52,9,22,20,44,10,43,57,30,49,63,45,0,52,10,55,22,26,64,65,33,21,41,55,81,22,52,75,36,61,32,74,33,60
2013-08-04,46,48,39,75,66,38,69,11,24,34,85,15,13,23,80,26,53,49,70,62,37,53,32,17,57,47,25,37,73,59,54,10,61,31,63,79,24,39,55,71,47,51,74,37,78,26,42,21,32,22,59,38,59,30,66,9,58,37,29,30,22,38,0,17,53,8,15,22,41,18,37,47,55,38,57,41,0,39,42,59,22,18,62,64,32,35,37,53,77,22,58,66,48,76,36,62,41,48
2013-08-11,48,42,37,66,57,30,68,11,23,21,84,17,13,23,88,33,64,23,64,72,31,53,42,0,59,42,15,40,76,63,36,11,62,29,57,81,27,39,60,59,61,65,70,55,64,27,51,26,40,14,60,23,50,31,57,8,54,21,34,15,7,26,0,15,54,5,15,19,41,4,37,37,30,16,55,38,0,52,16,58,34,13,69,59,32,28,53,50,75,25,59,61,42,73,33,42,41,65
2013-08-18,50,59,37,80,58,41,56,11,21,37,84,18,13,21,81,20,58,44,59,68,27,53,36,0,76,44,34,43,74,65,34,12,61,26,55,83,55,33,59,78,48,55,76,44,70,25,38,27,43,12,53,26,50,32,57,10,47,34,30,13,37,13,0,15,62,8,22,17,45,16,33,47,37,55,56,40,0,26,10,53,0,0,59,52,36,14,45,50,74,17,52,78,54,52,52,60,16,59
2013-08-25,50,50,36,59,62,33,62,10,24,60,83,16,12,20,80,0,67,42,60,61,42,40,45,41,70,51,39,41,72,62,33,12,62,23,41,76,43,36,57,63,46,59,69,38,61,25,30,26,39,13,51,32,53,34,43,12,79,43,40,6,21,0,0,22,60,7,29,24,43,4,40,34,30,43,57,40,0,0,5,52,0,8,63,50,26,47,36,60,70,18,57,69,64,47,70,49,40,64
2013-09-01,44,56,35,55,62,36,54,9,20,39,83,18,12,21,78,19,36,54,59,64,28,43,40,33,64,57,31,31,74,56,24,9,62,23,40,76,21,29,52,79,50,52,67,39,63,23,44,23,39,17,47,20,56,29,34,10,86,23,34,23,29,25,0,17,54,7,22,21,43,2,72,43,66,16,64,35,62,38,10,50,0,8,64,61,34,75,40,50,70,28,54,62,36,48,92,50,33,54
2013-09-08,52,54,41,67,67,50,58,9,27,26,79,13,13,21,77,31,74,54,67,60,49,51,56,32,62,51,34,40,76,58,21,10,59,24,49,75,28,39,63,72,53,48,64,38,70,25,63,23,80,12,52,30,65,30,51,10,58,38,42,20,21,24,0,9,38,8,28,25,44,9,81,51,40,41,68,39,0,37,0,63,21,20,57,64,32,26,51,49,71,11,67,45,45,72,33,60,0,56
2013-09-15,47,50,51,58,71,51,65,13,28,58,77,19,13,20,79,12,59,60,65,60,35,52,57,0,77,58,42,50,72,54,53,16,58,21,52,74,34,42,59,64,67,62,71,49,59,26,60,24,69,13,54,30,63,31,53,9,59,44,43,21,55,12,0,28,48,8,21,28,49,15,60,47,57,57,70,45,0,37,15,56,21,15,60,62,32,33,39,41,72,12,59,54,40,37,21,52,40,40
2013-09-22,54,68,62,65,62,45,66,8,28,60,77,20,13,25,83,32,59,74,76,57,41,48,52,17,75,68,70,44,78,53,48,24,58,22,46,76,32,45,59,62,94,63,67,41,62,26,64,29,79,14,44,29,73,29,56,10,49,40,40,27,36,25,0,15,48,8,7,32,64,10,75,56,54,38,75,36,0,63,21,56,54,33,65,61,33,47,52,45,69,19,61,48,41,66,34,50,64,48
2013-09-29,58,45,58,72,69,51,66,13,26,50,80,23,14,31,85,32,76,62,73,55,57,51,56,48,72,56,55,44,79,54,88,24,64,41,47,75,30,40,66,64,76,65,73,37,57,31,53,41,66,14,56,28,69,31,72,9,46,37,33,19,28,24,0,38,44,11,35,24,100,19,58,43,35,73,71,39,0,31,25,61,32,20,66,65,36,40,59,47,73,21,56,71,23,49,35,57,40,56
2013-10-06,69,57,53,64,70,48,54,11,23,39,76,17,15,28,82,32,71,70,71,65,28,55,66,24,76,56,47,46,73,51,63,18,61,41,40,72,38,43,66,66,58,46,64,35,64,25,60,62,89,19,61,22,71,30,37,11,53,32,37,44,14,37,0,12,47,11,21,25,61,10,53,43,29,26,69,41,0,37,25,60,43,30,62,64,32,40,72,44,69,13,61,61,46,65,46,68,32,58
2013-10-13,70,36,54,52,70,46,57,16,31,36,78,20,18,25,82,26,70,66,75,70,32,54,56,24,83,48,51,44,80,55,61,19,64,43,53,70,37,46,69,86,73,56,68,37,58,30,42,81,85,28,44,36,81,32,76,10,44,37,34,21,35,37,0,12,47,11,21,26,57,8,52,58,18,32,66,46,61,31,15,59,22,23,66,54,32,47,36,42,71,15,57,57,29,35,32,58,56,49
2013-10-20,55,40,54,60,77,40,61,9,24,41,78,17,13,22,78,13,58,58,72,53,24,50,57,16,86,53,52,43,76,45,62,17,62,32,42,73,39,46,67,77,71,69,66,30,66,25,64,38,81,15,50,36,81,29,36,11,51,43,35,25,7,12,0,16,42,9,42,25,62,11,67,46,47,16,65,45,0,43,30,64,42,35,54,64,36,40,43,50,66,16,54,57,34,52,28,50,31,60
2013-10-27,48,45,50,50,83,54,55,12,21,50,77,19,14,27,80,44,75,72,79,65,37,50,54,32,71,29,52,40,76,51,55,14,66,30,42,66,35,43,62,74,65,67,63,34,54,24,53,35,69,15,52,29,72,29,48,8,38,45,37,25,28,24,0,26,47,10,7,21,59,11,61,52,64,31,64,40,0,18,30,58,42,42,59,71,45,33,66,45,65,15,65,63,17,66,24,48,31,57
2013-11-03,53,54,60,61,69,55,60,12,24,52,82,20,14,25,80,38,60,77,72,59,65,59,64,32,60,68,60,39,76,50,47,15,68,33,47,70,38,51,66,69,78,54,67,38,69,26,44,27,61,29,46,33,81,27,48,10,50,44,37,33,49,24,0,16,48,10,49,29,55,21,52,44,46,41,78,42,0,61,15,76,21,22,63,69,35,72,70,40,68,19,56,55,34,58,30,66,24,47
2013-11-10,47,51,54,63,80,51,46,11,23,26,83,19,15,24,80,38,57,76,79,55,24,53,63,16,81,56,60,43,75,46,51,16,68,35,44,71,28,50,65,58,72,65,71,36,60,28,65,22,76,34,56,28,74,28,63,12,60,42,34,22,42,12,0,28,50,9,0,24,58,19,53,53,52,31,68,37,0,30,30,53,21,32,61,71,34,52,51,44,68,22,79,55,56,49,18,67,31,57
2013-11-17,51,40,54,49,75,43,56,10,23,37,78,16,16,24,78,37,56,78,72,56,23,65,53,16,68,63,85,48,72,46,73,13,67,36,47,72,35,56,64,71,74,57,59,38,63,32,52,32,68,32,47,24,73,31,56,10,70,57,31,44,14,12,0,28,49,9,27,24,54,11,70,43,62,56,72,40,0,72,29,56,0,17,76,65,39,45,65,46,65,27,48,71,22,59,40,51,31,65
2013-11-24,38,38,41,61,66,31,48,6,14,34,76,17,13,17,69,7,37,53,58,40,23,49,34,0,58,52,42,33,71,38,18,12,66,23,57,62,29,37,52,60,58,48,50,34,54,25,39,18,32,56,38,13,45,28,19,8,29,32,31,24,22,90,0,20,56,8,15,20,38,12,39,29,18,66,75,37,0,13,11,49,22,23,68,62,36,48,41,34,56,21,56,51,36,40,21,36,25,56
2013-12-01,46,42,46,58,69,47,58,12,21,63,81,18,15,30,79,23,58,85,71,48,31,56,42,15,77,58,56,39,86,47,30,12,64,46,52,63,22,57,61,59,64,66,58,42,65,30,63,26,72,45,47,33,72,30,50,9,55,45,36,12,13,68,0,20,45,9,26,23,54,18,72,44,49,83,72,34,0,40,14,63,20,18,84,72,36,31,51,31,62,34,49,65,32,65,27,53,29,68
2013-12-08,48,44,46,47,65,49,54,8,23,63,78,20,17,24,79,43,44,80,68,56,35,56,51,47,83,51,65,46,79,48,27,13,62,30,39,62,33,55,64,68,59,62,53,51,55,30,53,25,75,41,53,30,75,28,24,8,46,43,39,16,14,0,0,25,53,8,48,32,51,9,60,39,62,46,68,38,0,30,34,59,0,14,75,79,30,13,50,49,62,26,58,55,72,54,22,44,23,79
2013-12-15,42,34,49,69,63,47,51,13,20,44,86,13,17,27,78,32,42,63,62,56,44,54,36,0,62,37,45,39,85,49,60,12,68,21,61,63,30,56,64,69,61,61,60,38,55,34,68,22,51,48,40,38,63,34,39,8,44,32,32,25,28,0,0,17,64,6,14,31,51,13,49,40,6,26,71,39,0,25,15,55,22,7,82,81,34,33,47,49,62,20,59,51,46,55,25,60,40,64
2013-12-22,32,46,52,66,57,41,38,9,14,17,81,12,15,30,78,59,34,30,55,45,19,45,20,19,44,58,21,32,73,37,88,14,67,15,96,66,21,50,53,53,73,57,63,42,54,36,41,15,31,75,45,32,34,33,39,7,36,34,28,14,25,14,0,17,91,9,8,22,51,20,20,37,7,43,79,40,0,29,6,45,0,17,67,59,31,31,50,45,58,15,53,76,33,41,16,47,28,60
2013-12-29,43,48,58,62,64,42,52,8,18,25,88,13,23,39,84,20,54,47,59,50,33,51,24,33,38,56,19,41,71,43,45,15,68,21,78,76,27,58,55,81,88,58,77,32,70,47,43,25,27,51,52,37,31,32,51,9,36,15,34,9,15,13,0,12,85,10,29,31,51,16,19,33,18,55,78,42,63,52,11,54,0,13,89,66,32,28,50,35,74,14,48,53,36,73,19,58,25,59
2014-01-05,48,36,69,71,76,44,69,12,26,37,83,22,27,56,85,36,60,69,78,63,38,47,32,31,62,47,41,42,74,57,56,14,62,27,53,74,28,52,66,84,91,80,75,31,91,55,29,24,22,17,61,42,50,30,46,10,46,21,39,28,47,35,0,27,71,8,40,42,56,20,38,40,61,25,72,48,0,48,10,63,20,26,75,69,34,38,68,39,79,25,55,48,44,47,26,71,46,37
2014-01-12,54,56,62,64,77,42,72,13,36,48,88,24,33,58,86,24,53,69,84,55,55,53,41,16,65,65,53,42,74,56,51,14,64,24,50,74,34,51,69,75,72,81,78,41,75,61,45,30,30,21,66,35,64,30,63,10,51,38,38,36,13,0,0,27,62,8,13,45,52,13,53,62,56,40,73,44,0,48,38,61,0,24,72,66,35,51,45,48,80,20,56,76,83,67,29,64,31,56
2014-01-19,53,50,63,61,72,46,63,12,33,33,82,26,45,57,81,30,48,73,73,61,51,52,43,15,75,55,46,48,73,54,49,16,62,21,51,78,35,45,63,78,74,66,82,41,74,63,48,30,63,26,59,33,68,29,55,9,52,26,40,30,20,12,0,18,60,10,20,63,47,11,71,41,61,65,68,49,0,41,5,56,30,21,74,67,35,63,41,44,78,13,68,60,49,80,32,51,30,54
2014-01-26,60,41,66,59,74,48,70,19,43,38,83,26,68,63,88,30,38,80,76,59,56,53,52,46,74,58,48,46,75,60,46,17,66,31,60,80,34,49,66,71,76,85,81,35,82,91,60,34,62,16,64,50,69,27,40,10,67,36,32,29,26,23,0,31,52,11,39,96,52,19,85,48,60,34,69,50,0,41,19,69,20,12,71,73,33,37,51,45,85,22,65,50,65,57,46,54,30,57
2014-02-02,57,57,64,70,68,42,66,17,57,53,84,21,89,66,87,38,64,60,76,60,52,62,51,16,91,45,53,58,72,65,88,19,67,22,52,76,30,49,67,67,78,90,72,41,84,94,55,33,64,15,58,31,88,27,39,9,65,32,35,29,0,49,0,28,65,9,28,95,48,21,82,61,58,37,71,48,60,43,10,67,0,10,73,79,39,59,59,50,82,24,53,70,23,44,40,61,31,69
2014-02-09,58,48,61,58,80,49,67,13,57,52,84,24,72,48,85,18,63,83,79,60,46,52,43,23,91,39,62,51,68,55,42,16,67,16,63,80,40,61,68,72,65,71,88,40,81,67,72,39,96,23,55,35,72,30,59,9,42,37,41,25,46,11,0,11,63,8,33,77,46,18,66,57,65,34,67,46,0,40,23,80,20,18,66,68,30,25,66,41,83,29,62,82,37,57,33,73,22,57
2014-02-16,58,52,59,78,77,53,64,14,51,28,82,23,63,42,82,30,55,79,84,56,49,60,47,15,78,61,55,61,67,56,42,15,66,29,57,85,30,61,63,63,70,64,76,37,77,57,56,33,75,23,62,36,85,31,54,8,41,48,40,31,7,0,0,31,58,7,46,63,44,18,78,52,38,39,69,46,0,41,19,68,20,33,73,73,38,50,41,49,79,27,73,66,27,46,32,93,52,54
2014-02-23,57,46,67,84,91,55,71,10,47,49,83,20,57,37,85,53,68,82,86,65,45,61,60,15,96,56,72,69,68,56,50,15,70,32,73,86,44,64,70,80,80,61,83,40,84,55,71,30,66,12,56,32,76,31,57,10,68,44,41,21,39,23,0,29,50,9,39,59,50,18,73,58,66,44,76,47,0,11,9,68,20,32,62,80,39,37,70,46,85,12,53,73,48,65,30,63,44,51
2014-03-02,53,56,67,74,79,47,74,17,48,57,83,22,46,36,84,6,64,84,81,61,42,59,53,60,74,48,51,64,67,54,42,16,68,39,46,78,42,71,69,74,79,64,74,41,78,48,68,32,63,16,63,36,85,29,50,10,68,38,33,36,20,45,0,26,60,10,52,53,47,12,63,53,49,73,69,45,56,69,33,77,20,32,65,83,41,37,73,47,84,26,81,57,85,59,26,47,37,50
2014-03-09,55,53,63,72,72,48,72,15,41,42,80,17,46,30,82,36,54,81,80,68,42,61,41,23,83,46,64,68,68,54,47,15,70,23,48,80,46,58,66,70,68,58,81,39,82,53,60,32,50,13,56,26,62,25,49,10,59,34,29,46,27,47,0,32,56,9,20,50,51,18,49,58,67,50,66,44,0,30,29,56,20,17,64,66,33,50,49,41,82,35,58,78,22,78,22,67,31,62
2014-03-16,52,65,61,55,63,53,67,11,37,36,80,15,41,27,81,42,51,70,77,68,38,57,46,31,82,50,52,66,65,56,49,15,71,39,61,82,40,60,63,72,69,68,74,31,84,45,62,26,55,13,53,28,72,26,60,9,63,39,32,26,27,35,0,25,54,9,20,51,55,13,51,48,50,25,64,47,0,47,5,61,0,7,71,79,35,44,48,47,81,25,83,69,43,74,18,58,15,40
2014-03-23,49,50,60,85,69,44,70,15,41,50,79,19,44,38,79,36,62,66,79,59,30,52,33,15,86,47,40,64,67,60,83,13,69,27,49,79,49,68,63,82,69,51,76,41,86,43,81,31,63,11,54,24,65,27,43,8,51,32,42,16,40,46,0,22,63,9,13,51,67,16,49,53,50,64,64,44,0,29,5,62,0,14,63,80,36,31,45,41,83,19,70,60,59,19,34,61,22,51
2014-03-30,55,41,60,68,75,39,82,12,46,44,85,22,47,41,82,42,70,75,86,62,34,55,39,23,90,42,56,70,72,64,73,15,72,45,69,74,47,77,65,64,64,69,80,45,76,53,75,27,52,14,50,38,68,26,40,9,57,38,44,24,33,23,0,27,56,10,47,57,67,11,55,57,33,40,63,52,0,23,0,78,0,26,67,78,34,19,71,43,86,21,55,71,27,36,22,76,30,43
2014-04-06,56,55,53,73,86,46,82,9,56,42,83,20,56,39,80,24,58,68,85,71,44,53,41,16,80,46,68,75,73,61,58,17,72,42,62,79,40,75,67,85,65,75,86,38,80,55,94,27,64,11,52,26,72,24,32,7,56,41,40,30,27,47,0,27,51,9,7,56,44,20,65,62,56,45,63,42,0,66,10,69,21,17,73,78,34,45,53,44,88,23,65,72,72,64,38,57,38,57
2014-04-13,58,55,51,77,73,53,67,10,64,66,85,22,76,41,82,49,49,82,80,63,29,60,47,23,71,42,55,59,73,67,63,16,66,29,77,79,36,65,62,67,58,78,83,37,82,73,91,33,57,25,48,42,77,24,50,7,51,34,42,18,34,59,0,39,56,9,14,53,41,9,57,63,45,66,67,36,0,42,19,59,41,17,67,80,37,45,50,39,82,25,82,80,55,65,26,76,53,56
2014-04-20,54,63,51,73,73,55,64,10,30,64,79,19,26,29,82,25,56,74,75,63,35,50,56,24,79,59,60,44,67,55,38,13,61,29,51,80,35,48,64,82,59,56,76,36,71,34,52,31,80,18,58,32,75,26,62,9,53,36,46,20,28,48,0,23,51,9,7,25,36,13,84,47,40,67,64,39,0,48,25,67,21,27,59,81,34,45,31,44,76,17,74,61,22,57,36,63,54,44
2014-04-27,55,51,48,76,81,47,65,11,29,56,84,16,23,28,83,30,55,73,75,67,25,52,54,23,75,71,52,45,76,55,53,13,63,38,63,80,25,45,70,66,62,61,76,41,69,28,54,23,79,13,54,32,79,26,40,9,65,38,40,24,20,23,0,39,53,11,20,31,38,13,61,61,50,50,61,43,0,47,0,68,21,36,67,85,37,51,45,43,80,17,74,81,39,42,24,84,38,64
2014-05-04,54,59,46,69,82,50,69,10,26,100,81,20,18,26,79,31,47,61,73,74,23,53,35,32,70,37,40,48,70,56,40,11,62,37,61,75,31,45,62,67,70,46,83,36,74,31,51,27,66,16,53,31,89,24,56,8,61,37,35,28,14,24,0,21,51,8,20,26,38,15,55,55,68,82,65,39,0,30,34,56,31,26,66,69,34,58,50,49,77,28,79,76,17,48,27,65,0,58
2014-05-11,50,56,44,64,81,47,66,9,27,55,79,19,19,25,79,0,45,73,67,77,47,49,46,32,55,43,42,40,71,56,55,11,60,37,70,77,36,52,63,64,68,56,70,36,85,26,46,32,53,11,55,34,58,23,42,8,51,45,36,14,28,36,0,19,46,7,0,33,38,6,49,52,34,41,59,44,0,37,25,56,21,7,62,71,34,66,43,56,75,15,63,56,57,66,33,67,16,52
2014-05-18,55,53,41,74,67,51,67,11,25,44,81,16,18,22,79,34,43,67,76,73,30,43,47,52,68,47,50,35,70,53,51,12,60,28,69,83,36,35,62,72,44,63,71,31,82,28,39,32,45,16,65,22,63,24,49,8,64,32,35,24,22,26,0,18,46,9,15,22,37,10,38,52,31,45,64,40,0,20,5,63,45,19,62,71,35,21,51,44,75,11,67,80,31,62,34,67,50,42
2014-05-25,50,46,38,58,67,28,61,7,24,55,80,16,17,23,78,0,52,55,67,63,30,44,37,56,62,46,38,39,74,54,32,9,59,29,65,85,38,41,52,74,52,53,80,34,78,23,46,24,50,20,52,33,64,26,63,7,49,33,37,22,8,28,0,19,48,8,33,22,34,4,41,44,54,43,54,36,0,43,17,61,37,26,75,57,36,31,60,39,76,9,68,81,13,58,23,65,28,38
2014-06-01,48,30,43,70,67,44,72,9,24,53,79,22,17,18,77,22,54,73,71,74,18,46,41,18,53,52,58,42,78,53,51,11,63,32,55,84,28,42,63,61,57,45,77,36,82,28,50,22,43,16,64,26,71,27,55,7,56,34,30,24,24,0,0,16,45,7,32,29,41,6,33,43,59,42,64,41,0,70,23,74,24,20,85,57,35,75,40,41,83,7,67,70,65,76,27,81,45,73
2014-06-08,56,52,45,86,71,46,69,8,27,60,81,19,15,19,78,50,42,43,63,79,43,50,27,0,62,55,48,43,75,58,34,11,62,39,51,79,28,48,64,61,55,52,71,33,80,27,42,33,60,10,54,46,64,23,55,9,45,29,42,16,24,28,0,13,54,8,40,20,40,13,39,52,46,18,67,38,0,21,17,69,24,28,76,68,63,15,54,40,79,26,75,72,45,79,25,55,62,55
2014-06-15,53,59,41,62,75,49,57,7,27,20,82,20,15,23,75,36,60,56,70,76,50,52,41,56,52,41,40,44,70,58,39,10,62,26,61,81,23,40,59,68,55,56,76,38,86,29,33,36,43,12,53,25,63,24,42,12,61,22,29,19,48,0,0,19,56,6,24,18,38,4,44,29,33,48,64,33,0,36,17,69,25,14,82,58,87,46,41,37,78,27,78,80,53,97,20,54,46,65
2014-06-22,50,26,38,69,61,34,67,9,23,20,81,18,15,20,76,29,54,48,75,76,37,50,31,38,62,49,40,41,73,59,35,9,63,17,60,83,40,40,58,60,52,57,74,34,82,27,61,33,56,14,58,35,66,24,25,9,43,31,40,26,16,0,0,27,60,9,33,28,38,7,37,45,47,49,58,44,70,28,12,65,0,32,84,65,100,46,73,37,76,15,60,73,40,54,22,64,27,53
2014-06-29,48,37,39,51,62,32,61,9,24,25,85,14,13,20,79,23,61,52,53,71,22,39,34,0,49,30,37,38,84,55,44,10,67,32,61,80,43,37,55,63,62,55,68,29,84,26,35,26,45,31,75,29,59,24,74,7,53,27,33,18,17,15,0,14,59,8,26,19,36,12,31,53,35,64,61,33,0,45,24,64,0,15,79,61,83,40,29,49,76,14,55,69,28,60,32,55,10,41
2014-07-06,55,56,41,69,64,42,67,10,23,33,90,15,15,21,74,36,54,47,71,80,31,49,44,37,60,47,30,36,81,59,36,11,67,39,53,82,45,44,64,48,60,63,69,35,78,28,48,29,42,15,72,34,54,25,45,8,54,20,45,14,48,28,0,30,56,8,56,26,41,6,42,44,20,89,59,41,0,35,23,64,24,17,84,54,64,30,27,40,83,18,75,55,26,69,31,67,45,64
2014-07-13,56,53,40,80,67,39,68,10,29,20,90,19,15,23,76,14,63,57,68,75,56,48,41,18,55,49,27,44,75,64,48,10,69,37,61,88,23,45,64,71,58,56,76,35,88,30,47,28,50,14,65,31,72,25,58,8,52,28,41,12,24,14,0,16,54,4,24,29,40,6,40,59,46,47,61,42,0,28,11,55,48,22,70,54,45,15,53,41,80,31,68,83,65,52,39,73,9,55
2014-07-20,61,35,44,64,77,40,78,12,28,24,90,16,18,20,83,22,66,53,69,77,30,48,46,18,66,53,23,41,74,60,64,10,69,26,64,84,28,49,65,77,69,55,83,31,79,30,34,37,38,19,63,37,58,25,45,7,61,24,51,19,24,0,0,16,66,7,48,37,41,6,59,49,40,90,59,35,0,28,23,62,24,26,68,62,39,38,32,42,80,21,56,74,26,70,42,64,63,55
2014-07-27,62,45,41,91,64,46,68,15,25,33,93,17,15,24,80,43,55,50,68,70,25,50,24,18,53,52,39,45,81,68,75,14,77,21,54,86,34,35,67,65,54,60,75,36,83,34,37,44,33,24,58,33,64,24,58,10,72,21,42,23,63,28,0,16,64,8,16,23,41,11,54,61,66,59,64,36,0,21,11,54,0,28,77,62,32,22,40,46,80,24,65,72,45,66,31,59,18,50
2014-08-03,56,58,37,63,63,30,55,16,20,38,92,14,14,16,76,45,52,47,64,73,35,46,44,0,64,49,58,37,78,66,53,13,75,25,58,85,36,45,63,60,59,53,73,33,77,29,38,29,27,16,59,31,65,24,36,9,57,24,40,15,33,15,0,14,60,5,0,30,40,16,41,52,14,31,68,37,0,44,18,67,25,9,74,63,34,32,84,44,80,19,61,71,61,55,28,56,19,61
2014-08-10,57,40,37,81,70,31,76,11,23,16,89,16,15,19,80,21,49,50,66,62,42,44,35,18,61,47,34,42,82,67,45,11,79,16,42,85,40,47,61,57,54,60,81,35,73,39,34,29,30,16,58,26,63,23,47,7,70,25,33,23,47,41,0,19,56,7,23,27,42,8,32,45,52,47,62,40,0,34,22,67,24,8,68,57,33,15,44,37,78,17,52,76,26,71,51,51,35,42
2014-08-17,52,42,41,62,64,30,64,13,20,33,89,16,13,16,77,21,54,67,64,63,38,45,39,27,48,50,41,44,75,76,43,11,68,12,64,87,33,50,64,69,45,53,78,33,77,49,32,24,41,15,59,22,62,24,57,9,56,27,35,12,16,0,0,21,52,8,16,33,42,17,33,52,26,35,58,41,0,14,17,68,24,19,70,58,35,44,53,47,80,18,55,60,45,71,30,58,53,32
2014-08-24,49,56,40,71,83,30,57,16,24,45,87,17,13,18,74,21,51,61,78,62,43,41,43,18,63,57,38,39,80,72,42,11,73,30,46,81,33,45,60,58,66,57,68,33,71,30,46,29,50,16,55,24,51,24,43,8,71,33,30,23,61,40,0,16,47,8,38,24,40,8,56,41,51,34,63,39,0,27,33,50,23,11,71,59,29,36,47,42,72,14,67,59,13,57,66,71,17,45
2014-08-31,46,51,40,54,65,38,64,10,24,41,85,14,12,12,72,28,49,45,74,65,43,38,39,35,70,49,24,41,81,63,37,11,67,30,61,74,35,42,59,63,57,49,70,39,79,31,40,23,42,22,51,38,59,23,59,9,62,34,31,20,61,13,0,15,48,9,38,24,37,8,64,44,57,57,68,30,0,27,27,57,46,16,72,61,32,50,56,37,74,19,75,62,25,51,81,62,34,61
2014-09-07,56,66,42,83,68,41,46,9,31,50,86,21,15,19,82,54,43,61,75,72,40,48,57,25,72,50,51,38,78,67,45,13,66,18,65,76,21,41,62,64,68,58,69,30,70,26,46,25,76,15,60,32,69,22,61,10,55,36,28,17,52,39,0,27,48,5,30,28,42,10,87,61,37,39,73,40,0,52,32,58,22,37,64,72,35,42,46,46,78,23,70,72,48,34,28,49,16,38
2014-09-14,55,48,51,54,69,36,57,9,32,62,85,16,15,18,74,13,58,71,73,71,29,43,59,17,75,66,45,53,80,65,36,13,64,39,63,75,46,43,68,84,69,61,69,46,78,28,55,23,69,11,54,30,67,26,45,10,52,40,30,48,29,51,0,17,43,12,15,33,41,18,87,46,49,33,69,51,0,52,16,63,45,21,73,71,38,14,66,48,75,18,58,68,42,52,25,84,67,54
2014-09-21,53,54,46,58,69,51,57,14,27,50,81,22,15,16,79,27,64,54,74,69,30,40,65,0,61,59,52,49,76,64,25,14,66,30,63,77,31,40,64,74,67,54,68,48,63,26,35,28,65,15,48,27,66,28,61,10,68,46,34,31,52,39,0,23,49,8,30,31,42,18,77,60,43,39,63,36,0,13,0,64,23,34,68,62,30,35,46,51,76,15,77,66,55,56,26,52,67,47
2014-09-28,54,54,49,48,74,46,53,16,28,50,87,19,17,20,81,47,60,70,74,73,32,50,56,0,72,64,56,49,82,65,23,16,68,25,53,80,29,42,62,63,70,57,66,42,70,33,50,24,85,16,58,25,70,27,29,12,65,38,32,26,37,0,71,15,61,8,30,36,44,16,58,55,74,78,66,38,0,26,53,75,45,24,79,73,38,21,62,50,76,8,66,83,31,40,17,65,59,55
2014-10-05,51,32,49,52,76,50,55,18,32,59,84,19,15,20,76,13,74,55,69,69,49,49,51,17,75,52,30,52,76,60,66,19,64,27,62,76,28,38,67,67,65,56,67,38,65,36,55,28,72,20,55,21,82,28,64,17,41,39,39,31,45,13,0,23,62,11,45,26,45,30,65,47,50,39,63,51,0,39,16,62,23,26,71,63,30,49,75,38,77,31,80,60,67,62,14,61,17,50
2014-10-12,58,50,55,73,69,45,54,28,30,50,85,22,18,17,79,13,58,85,76,72,38,44,34,25,77,47,57,50,82,64,27,28,63,31,84,71,35,41,76,74,65,50,67,32,68,35,64,34,80,27,46,30,75,29,41,28,58,56,35,28,22,39,0,30,64,13,37,30,47,8,63,51,43,55,65,49,0,13,37,83,22,26,69,75,37,21,37,47,75,24,54,77,60,52,30,80,25,50
2014-10-19,52,55,53,55,77,55,56,19,26,83,83,18,14,19,74,33,56,64,74,65,54,48,60,25,94,41,51,48,70,61,40,18,65,28,68,76,46,43,67,61,81,53,74,35,72,34,60,30,78,19,50,24,68,27,51,21,89,42,43,26,51,38,0,30,49,9,51,29,48,28,67,48,43,49,60,41,0,32,26,61,34,34,63,81,33,21,58,38,70,24,65,51,36,52,26,49,25,69
2014-10-26,50,54,51,65,78,56,63,17,26,52,81,19,15,22,72,47,78,73,69,65,29,49,49,0,79,64,51,40,74,65,29,15,66,31,65,74,35,53,68,58,62,57,64,42,70,34,55,29,71,20,58,30,68,28,73,23,88,60,35,26,22,38,0,15,50,10,7,26,48,24,73,46,37,39,64,41,0,33,47,74,22,26,61,70,35,49,79,50,68,17,75,73,24,52,24,83,17,48
2014-11-02,51,43,49,67,75,49,58,17,25,52,87,18,15,20,81,33,55,76,80,58,37,49,55,17,87,63,46,44,74,61,54,15,70,31,60,73,41,51,68,67,73,51,63,55,60,33,71,23,68,29,57,29,81,38,31,25,62,42,32,30,58,13,0,17,54,9,15,32,52,16,69,36,61,16,69,39,0,38,36,73,0,33,70,77,33,68,57,46,74,17,64,78,47,66,16,63,57,50
2014-11-09,52,45,47,63,84,55,58,13,22,42,90,20,16,18,72,33,74,83,77,56,43,51,40,25,79,40,52,42,75,60,51,13,66,41,51,76,47,50,60,72,74,48,67,42,59,34,49,27,67,39,54,39,75,32,56,23,76,51,39,17,22,0,0,15,54,8,14,32,55,20,64,40,42,76,65,46,0,38,5,68,22,28,74,65,32,55,53,44,72,28,70,67,53,63,20,72,33,62
2014-11-16,51,41,48,70,77,54,51,14,23,52,86,17,17,18,81,33,66,82,75,58,33,53,47,34,93,44,51,46,80,62,58,15,63,25,66,70,38,49,59,66,69,53,61,32,62,31,67,25,92,32,54,35,68,30,31,21,77,36,34,24,51,0,0,22,57,9,22,32,61,16,62,45,43,22,66,43,0,39,16,68,22,10,68,72,38,48,66,46,67,14,61,49,48,64,28,65,25,51
2014-11-23,36,40,42,54,64,38,44,8,14,29,80,14,13,14,68,21,46,48,52,38,24,44,29,36,55,38,36,35,74,46,36,16,65,21,70,61,25,45,53,57,61,31,47,30,49,27,58,22,45,66,51,20,48,27,37,29,60,36,25,18,23,41,0,13,58,8,23,19,40,6,42,35,32,23,67,28,0,27,6,57,47,30,71,50,29,0,57,31,57,19,56,60,51,52,19,35,9,55
2014-11-30,49,66,50,55,100,53,54,11,25,55,91,17,16,18,80,25,61,67,73,57,35,58,44,24,76,60,52,38,86,62,30,15,73,37,56,72,42,50,61,70,63,56,58,39,56,30,59,30,58,48,62,27,69,30,57,42,87,71,40,14,35,36,0,16,45,10,35,33,57,13,53,53,40,68,75,41,0,49,10,93,42,37,83,79,35,92,23,45,69,16,90,61,51,58,30,48,47,64
2014-12-07,49,35,51,66,71,49,58,13,23,57,87,17,17,21,73,71,56,93,74,53,35,57,67,0,94,52,56,46,83,62,24,17,72,35,58,68,25,55,61,64,80,48,67,39,69,34,69,27,85,40,45,18,87,28,49,56,76,62,33,21,14,100,0,22,52,10,36,36,61,15,69,51,30,43,71,36,0,19,10,93,22,33,68,73,37,61,89,46,65,28,66,71,53,50,25,41,32,82
2014-12-14,45,47,67,56,78,52,59,19,23,25,89,18,16,21,84,27,56,75,77,69,19,52,70,35,69,43,46,44,85,58,60,20,77,56,73,68,45,55,68,66,93,54,62,46,65,36,67,24,51,40,53,38,62,29,52,69,74,100,31,9,45,13,0,26,52,10,53,31,58,14,33,43,50,23,79,54,0,40,16,95,0,32,80,93,38,29,68,59,68,36,71,46,37,72,16,55,17,71
2014-12-21,27,45,49,71,52,32,38,16,13,22,80,14,14,13,76,40,41,52,57,51,30,43,26,41,41,38,25,35,79,43,38,17,74,28,63,64,25,48,55,60,58,38,58,40,52,35,57,19,19,98,44,30,36,28,19,41,53,49,37,21,18,46,0,18,79,9,71,13,32,14,21,32,37,13,70,35,0,39,6,79,26,19,67,63,28,41,25,50,56,22,64,53,57,62,14,57,49,100
2014-12-28,40,51,50,85,66,40,51,15,21,21,91,19,19,25,79,37,39,42,63,57,46,39,23,0,48,40,12,42,85,46,68,17,82,22,100,75,27,54,57,55,81,59,78,29,73,48,61,16,19,69,71,27,31,29,28,41,65,49,39,10,25,43,0,16,76,9,25,25,45,4,28,26,20,55,75,39,0,22,23,80,0,20,85,63,29,23,55,42,77,22,49,74,73,64,21,51,9,67
2015-01-04,52,63,61,67,72,50,65,22,27,61,86,25,26,33,81,33,74,50,82,74,41,52,47,17,53,59,32,36,83,69,67,18,72,32,67,78,44,60,69,61,93,59,81,31,83,61,59,27,40,17,61,41,64,27,63,73,76,72,36,13,36,13,0,27,59,12,51,29,54,8,33,57,30,49,78,37,0,39,26,100,33,23,82,78,44,27,86,52,82,32,55,62,66,69,26,80,41,57
2015-01-11,55,57,58,63,80,48,72,19,33,54,88,26,34,42,84,26,62,69,76,72,43,42,43,17,64,53,52,48,76,67,69,17,66,26,53,76,36,57,67,58,80,61,86,43,85,65,67,26,37,17,54,40,54,30,50,69,100,57,26,15,29,13,0,24,71,8,29,39,56,14,59,48,48,49,74,40,0,32,5,85,22,38,78,69,41,34,57,59,85,30,71,80,59,60,26,74,8,66
2015-01-18,51,39,53,81,71,55,72,15,37,69,88,22,49,42,82,13,70,75,76,69,51,49,43,25,78,35,33,47,82,69,57,16,63,39,49,79,31,75,65,71,89,60,81,41,76,70,67,27,45,27,54,40,60,29,37,57,87,70,37,17,36,13,0,41,69,9,29,49,56,14,75,39,48,38,70,42,0,25,15,76,44,28,73,76,36,14,61,44,82,21,56,58,41,72,21,72,24,65
2015-01-25,62,60,55,78,68,50,75,16,48,51,90,24,67,47,91,39,56,70,90,65,48,50,54,24,80,48,53,53,80,76,76,18,64,28,62,75,32,67,71,67,84,69,90,37,80,84,61,32,60,16,57,23,68,30,43,58,70,66,37,29,36,50,0,41,65,11,36,81,58,6,96,44,36,43,64,44,0,50,46,83,22,40,77,94,42,27,72,56,90,18,81,56,35,53,39,74,56,68
2015-02-01,60,75,58,70,76,52,76,16,45,29,95,20,73,40,91,38,63,64,81,60,51,49,52,40,83,51,71,66,81,79,66,16,66,29,57,80,36,70,68,58,88,67,88,41,74,75,69,27,72,15,67,39,82,25,51,71,79,69,30,31,49,24,0,19,61,12,49,80,58,19,83,49,69,47,73,45,0,49,50,92,32,30,70,94,33,33,86,46,86,39,67,68,46,95,25,85,55,68
2015-02-08,58,51,56,84,82,56,72,18,51,44,90,17,66,29,81,19,64,87,79,62,47,54,46,24,57,43,68,58,72,70,55,15,66,42,84,81,46,68,65,69,79,71,81,42,79,71,77,31,77,17,60,26,79,26,45,57,88,47,39,16,35,24,0,28,70,9,49,71,62,15,84,48,52,52,68,44,0,37,20,81,53,34,68,93,39,39,39,38,86,16,82,55,63,75,34,64,71,81
2015-02-15,55,58,53,72,70,50,69,14,53,51,88,22,55,27,79,64,66,78,79,55,20,46,51,16,61,31,53,57,72,69,72,16,64,30,58,79,32,71,63,76,75,67,79,37,82,54,68,25,83,25,69,30,68,23,49,46,79,52,39,29,64,12,0,24,61,9,14,63,51,10,80,46,47,58,66,43,0,63,15,74,22,20,64,83,38,40,72,45,85,18,56,58,58,68,30,53,40,67
2015-02-22,58,100,55,87,84,51,67,10,48,56,88,21,52,25,83,38,65,94,74,69,42,55,54,16,88,47,63,60,70,72,41,15,66,32,59,82,38,73,67,77,73,68,88,41,75,53,86,31,71,17,61,34,75,28,24,38,61,57,35,27,42,12,0,24,61,9,28,71,45,9,82,52,75,21,66,42,0,12,20,80,21,15,68,86,36,66,94,43,84,14,74,57,74,98,40,78,47,52
2015-03-01,53,59,54,78,82,52,74,11,49,56,90,17,45,24,80,32,56,83,82,56,44,50,45,41,77,55,45,64,71,76,30,14,67,31,68,77,46,63,68,75,71,52,80,34,87,50,70,21,57,16,64,42,82,29,30,36,83,48,42,27,35,24,0,29,56,10,49,54,43,28,66,61,58,52,70,38,0,37,35,87,21,30,76,88,34,40,63,44,86,26,67,57,63,73,27,67,16,77
2015-03-08,57,45,54,65,76,58,68,15,41,69,91,18,44,20,81,46,64,80,81,66,18,54,46,33,74,53,37,63,70,72,42,18,66,24,84,82,34,65,68,83,76,69,86,38,82,50,75,31,60,11,60,36,73,32,40,39,57,37,39,30,14,25,0,15,59,8,50,54,44,12,67,43,36,65,73,39,0,32,0,74,22,25,70,90,38,54,48,45,86,24,70,80,29,84,28,73,41,67
2015-03-15,57,62,52,64,89,53,72,15,46,70,88,19,45,26,79,33,65,76,84,70,51,47,36,17,97,35,38,55,70,72,57,16,65,37,64,81,30,73,69,79,78,82,87,36,91,46,82,29,67,15,57,30,71,27,72,48,79,54,36,30,50,38,0,17,62,9,36,47,45,4,69,63,36,32,69,39,0,38,31,67,44,23,76,90,37,61,57,47,86,23,75,83,47,78,30,66,0,47
2015-03-22,52,69,48,63,80,50,74,14,41,50,88,14,42,22,77,65,61,88,96,69,34,51,43,18,74,42,53,62,80,74,44,17,63,26,54,84,44,70,62,89,75,69,83,32,91,46,78,22,61,14,58,43,71,28,38,38,82,58,31,26,16,0,0,16,50,9,56,50,42,17,63,53,80,66,62,40,0,71,6,68,24,17,78,89,37,45,81,50,86,30,89,65,33,86,33,78,81,66
2015-03-29,58,55,45,67,66,47,71,18,40,66,94,20,44,28,81,61,51,86,81,72,34,54,35,17,81,54,59,66,82,75,37,17,69,36,66,80,36,67,60,80,71,54,86,35,90,46,76,38,80,32,53,23,78,29,45,34,69,54,37,27,45,39,0,18,56,10,8,51,43,4,60,58,37,51,64,37,0,73,16,66,69,35,86,78,44,28,76,51,97,24,77,73,62,84,43,77,26,58
2015-04-05,51,87,44,82,73,42,66,15,50,59,90,17,55,29,78,20,72,99,89,70,44,57,44,17,79,51,51,74,76,76,38,13,65,45,77,77,35,82,61,76,66,81,87,33,72,61,100,31,47,17,58,25,77,24,54,33,71,36,39,24,7,38,0,10,62,8,44,52,44,14,73,55,37,27,65,36,0,71,16,70,22,23,79,82,34,63,58,52,94,22,76,77,54,61,35,86,75,62
2015-04-12,60,71,51,57,88,56,74,12,80,80,93,15,77,29,88,40,61,100,90,71,37,56,55,34,76,44,53,73,79,82,58,16,62,53,73,85,35,85,67,85,79,73,82,34,86,72,99,34,64,17,58,36,88,23,69,32,76,63,42,26,44,13,0,30,52,9,51,67,46,16,71,72,30,22,66,41,0,45,21,80,56,18,77,82,40,55,66,47,93,22,81,73,60,70,32,78,49,64
2015-04-19,60,47,52,81,77,55,80,12,37,67,88,21,25,22,81,26,60,84,83,77,43,49,46,17,76,40,72,43,76,70,65,15,59,36,69,77,47,57,62,73,71,52,78,34,78,35,78,32,62,12,50,35,85,24,72,31,80,43,37,22,15,13,0,30,50,8,73,37,39,20,78,58,55,76,65,45,0,58,16,58,33,31,76,86,38,76,45,42,81,18,76,73,18,57,33,78,74,52
2015-04-26,55,43,47,81,86,51,76,14,32,58,88,18,22,23,82,46,64,95,83,67,45,55,51,25,88,58,65,47,80,69,40,13,63,40,59,76,42,45,66,66,75,53,81,35,87,28,62,31,63,14,58,29,87,27,50,30,59,53,40,30,36,0,0,22,46,8,22,32,40,10,75,46,36,49,63,43,0,32,16,64,44,18,75,83,34,41,20,44,80,19,74,66,42,72,34,71,66,53
2015-05-03,51,55,45,69,76,54,65,14,26,47,90,19,20,20,81,14,41,85,68,84,23,54,43,17,78,62,70,41,75,72,48,13,68,43,88,81,27,41,63,74,58,49,79,32,85,32,46,22,72,13,70,24,84,23,42,33,64,44,38,16,22,13,0,20,56,8,45,37,41,12,53,49,50,22,62,39,0,53,11,53,23,13,69,86,28,43,29,45,80,28,87,92,43,87,32,67,8,56
2015-05-10,59,62,45,61,78,52,68,16,31,77,92,15,18,18,80,41,63,62,77,75,30,56,41,44,97,54,26,47,79,73,49,13,66,32,80,86,48,49,61,79,58,55,75,31,86,25,47,28,68,17,61,40,73,24,46,29,66,56,41,11,15,40,0,18,58,7,15,38,38,10,58,52,64,29,63,38,0,47,33,65,23,22,77,65,34,72,47,44,82,31,88,64,75,82,24,74,60,73
2015-05-17,54,57,43,69,71,45,62,13,23,26,92,16,16,17,80,28,63,71,68,71,35,47,34,36,75,59,41,45,76,71,41,12,66,35,68,85,34,47,63,73,59,57,78,22,95,26,48,33,51,19,67,31,69,26,54,25,74,46,28,12,23,27,0,21,44,8,23,29,38,6,36,51,71,41,59,37,0,34,0,46,0,11,72,74,30,52,57,54,81,32,69,80,32,71,25,93,26,51
2015-05-24,52,39,37,65,67,36,57,13,26,54,87,14,15,13,76,51,46,56,68,73,27,43,41,27,63,28,44,37,77,68,49,11,63,24,77,83,30,42,54,50,65,50,74,34,75,24,45,28,36,19,66,27,58,26,52,22,51,29,62,19,16,0,0,13,53,5,16,26,38,13,44,26,27,12,57,42,0,56,17,52,0,17,72,59,36,37,54,44,80,17,64,67,32,76,16,75,44,55
2015-05-31,51,78,40,73,68,35,78,11,25,46,93,17,16,20,82,21,57,71,77,72,24,45,47,18,71,56,72,46,87,73,31,11,70,38,75,89,30,40,58,72,61,58,81,35,83,27,63,28,28,11,75,33,63,24,47,23,63,42,41,18,39,0,0,24,58,6,39,28,42,23,37,28,26,35,65,35,0,34,11,73,0,36,88,61,37,37,31,53,85,14,73,78,38,74,35,64,35,58
2015-06-07,56,54,39,60,74,38,72,11,25,33,93,15,17,16,76,22,63,65,69,64,41,47,31,18,58,49,51,36,81,70,53,13,67,32,48,78,32,39,60,67,64,70,79,48,89,29,40,37,67,16,79,20,62,23,34,22,74,37,34,26,8,14,0,13,61,7,32,27,41,11,41,51,13,30,61,33,0,70,17,59,24,22,82,61,49,60,67,50,82,18,92,90,65,72,19,87,36,77
2015-06-14,55,49,37,88,67,30,71,12,28,30,98,18,15,16,76,21,60,71,69,73,27,48,45,36,79,50,54,46,83,66,36,12,65,34,68,80,36,43,60,69,58,55,76,38,87,29,37,28,48,16,74,35,67,24,41,21,58,39,32,19,31,0,0,13,60,8,63,21,37,19,46,32,39,41,65,36,0,28,0,62,24,14,83,50,37,59,66,48,82,17,82,100,39,49,36,84,44,50
2015-06-21,53,56,41,82,68,36,70,10,24,34,97,20,15,21,77,14,44,65,72,79,100,53,39,46,86,50,30,48,84,74,37,12,67,30,80,88,24,43,60,66,68,62,84,37,93,28,49,29,53,20,66,35,59,26,28,21,71,23,36,19,8,0,0,16,60,8,24,25,43,11,41,38,40,24,60,34,0,14,29,58,24,17,73,59,41,53,58,41,87,29,76,89,26,86,39,67,36,64
2015-06-28,53,49,47,62,66,37,73,31,22,45,99,31,15,17,84,30,48,64,61,90,49,47,34,19,60,38,36,50,91,65,28,20,73,63,72,88,48,35,65,67,60,64,77,42,85,29,36,48,51,61,64,23,59,28,28,22,60,37,32,12,33,14,0,44,62,10,33,23,40,13,34,29,48,37,69,36,0,58,23,71,0,17,92,60,44,46,37,47,83,23,75,70,40,88,40,67,55,77
2015-07-05,63,49,47,77,79,47,66,29,27,13,100,33,14,20,88,43,47,59,70,100,32,43,23,18,68,49,37,48,88,73,49,36,65,69,71,87,51,38,70,77,54,67,84,57,91,27,58,23,39,17,61,28,65,31,38,32,51,44,35,28,0,14,0,13,69,100,48,18,43,15,38,53,40,48,68,48,0,28,28,63,24,20,88,52,43,15,58,47,89,41,82,76,72,59,32,47,9,61
2015-07-12,53,63,42,68,67,38,71,17,28,26,93,16,16,16,83,28,56,64,77,80,44,48,40,18,60,46,50,40,85,75,41,16,62,39,73,91,41,42,67,75,64,67,83,46,88,30,52,24,37,16,70,30,57,27,67,32,61,45,48,26,47,27,0,16,62,8,39,26,44,15,60,42,13,59,68,42,0,42,17,67,24,28,78,56,39,30,84,47,88,21,77,67,45,52,32,80,0,71
2015-07-19,62,60,46,83,74,46,64,17,23,20,94,22,15,20,81,36,52,62,75,84,34,45,35,18,81,55,62,45,84,78,39,14,59,30,64,89,31,56,66,93,76,60,87,43,100,28,49,27,46,15,61,32,61,46,58,32,59,37,37,16,56,28,0,30,68,6,40,28,42,11,63,40,33,89,66,44,0,49,17,59,0,20,79,70,41,60,63,50,85,17,76,55,46,36,29,59,45,63
2015-07-26,53,42,43,91,60,36,71,18,28,23,93,25,14,23,82,14,61,77,68,89,31,46,28,54,81,50,54,44,96,81,62,17,63,34,60,96,41,49,66,77,57,71,78,57,82,28,39,30,37,19,57,24,62,36,47,35,61,49,36,23,31,27,0,21,69,8,16,23,41,19,58,48,52,17,61,34,0,48,11,70,24,8,77,61,40,15,57,48,83,29,57,86,70,42,27,58,9,70
2015-08-02,53,44,41,86,73,41,69,17,19,29,97,18,16,14,80,7,58,57,73,76,44,43,31,36,77,37,50,47,87,84,55,14,64,21,50,93,23,39,67,67,56,64,90,43,96,30,42,28,48,31,60,42,57,31,40,39,58,34,36,16,39,27,0,21,61,8,39,27,45,25,45,54,39,47,67,40,0,21,22,74,0,41,82,64,41,59,66,40,84,27,70,71,19,65,38,58,27,48
2015-08-09,61,51,45,78,57,38,72,22,29,33,95,23,14,12,83,63,56,52,77,79,40,39,37,18,53,47,36,42,89,91,33,15,64,37,54,92,40,43,69,68,60,60,84,54,80,32,37,27,38,19,57,23,51,32,24,45,61,52,40,25,23,41,0,29,69,7,23,27,43,6,57,52,52,35,67,46,0,62,22,77,24,14,83,59,37,37,74,55,84,24,80,81,58,71,43,43,35,64
2015-08-16,58,40,50,67,68,34,66,25,24,23,92,28,14,19,91,21,73,52,60,84,41,42,25,44,48,59,56,44,86,96,33,28,62,30,57,92,40,42,72,60,70,65,83,45,89,32,50,30,27,10,61,37,47,33,40,50,71,48,45,18,31,13,0,36,57,10,15,26,45,12,38,42,51,52,65,42,66,27,44,88,70,8,83,56,42,29,69,60,82,43,62,84,50,61,50,57,43,86
2015-08-23,57,52,96,71,74,41,75,100,24,64,87,86,14,18,99,34,69,77,71,99,26,54,39,52,53,55,37,48,92,100,51,100,61,52,75,88,100,54,92,90,100,52,84,67,84,31,43,29,36,12,63,22,64,40,49,64,80,81,33,38,15,13,0,56,63,45,31,28,45,19,55,57,63,51,87,49,0,27,27,82,35,11,77,71,56,100,73,63,83,98,81,87,87,79,74,77,17,62
2015-08-30,58,73,56,63,64,37,70,46,26,41,90,31,14,17,88,40,52,53,71,84,38,45,51,34,75,50,41,42,94,98,30,36,61,42,69,87,42,43,70,74,78,65,72,49,76,35,43,24,45,18,54,29,55,28,45,53,82,49,39,22,30,26,0,35,59,14,30,31,42,22,64,53,50,11,69,45,0,20,21,79,23,32,84,61,42,56,71,53,81,33,75,76,30,49,88,57,25,70
2015-09-06,53,66,46,70,74,33,59,29,24,35,82,33,15,14,82,34,47,68,58,67,24,38,41,87,74,42,44,41,86,80,37,23,56,34,61,84,37,43,59,65,58,59,71,50,79,32,49,23,46,16,58,32,60,26,13,33,89,46,31,22,15,13,0,23,70,11,23,31,39,2,72,43,57,45,65,40,0,47,5,51,23,11,79,57,36,50,43,52,72,23,70,63,56,76,100,51,17,72
2015-09-13,56,51,45,51,64,40,63,28,30,71,82,26,15,18,80,20,62,66,73,91,41,47,49,50,68,43,57,44,88,92,49,21,57,41,53,87,37,43,63,66,55,88,79,36,77,28,53,27,57,15,54,29,70,26,57,31,76,55,27,15,37,13,69,27,85,7,22,31,42,14,77,42,43,38,64,36,0,19,21,69,22,15,79,62,38,55,82,37,79,25,85,54,36,58,31,49,57,52
2015-09-20,55,58,44,65,71,48,56,27,26,75,80,29,14,16,78,26,46,73,67,98,14,49,47,25,63,39,46,49,85,93,26,21,54,46,58,85,41,36,61,57,56,52,72,34,64,28,63,22,85,14,55,25,65,27,59,29,76,36,34,25,36,13,0,24,69,9,36,31,42,23,83,42,66,11,62,42,0,44,41,57,44,25,82,66,44,34,64,44,74,24,80,78,35,51,25,73,41,59
2015-09-27,53,58,44,67,69,45,68,25,26,60,87,24,16,16,79,26,60,71,69,87,45,51,59,17,64,41,54,51,84,91,39,20,60,27,75,77,44,41,64,65,58,51,73,46,77,27,51,35,82,13,63,16,70,24,56,28,71,45,36,21,14,50,0,27,63,8,7,28,46,8,60,50,36,37,63,34,0,25,36,83,44,28,88,71,34,34,56,41,78,28,100,70,41,59,38,52,24,50
2015-10-04,59,61,45,69,74,58,66,22,28,46,86,23,16,18,79,13,69,66,81,73,39,51,53,33,71,56,59,52,84,93,31,18,57,45,66,77,40,44,66,70,65,55,71,43,75,29,58,30,81,20,54,38,69,26,60,35,84,67,44,21,7,25,0,22,57,10,29,21,46,10,73,52,61,38,67,41,0,38,5,67,67,28,76,75,44,21,53,48,72,17,74,61,36,64,31,63,41,77
2015-10-11,56,31,48,100,62,45,64,22,31,55,85,25,19,15,79,26,73,89,69,73,25,41,53,33,67,58,46,56,85,90,60,18,55,41,67,76,29,44,64,62,58,60,79,39,71,30,50,29,85,27,69,35,73,28,66,30,59,58,32,15,22,13,0,24,50,10,15,34,47,10,64,48,54,38,59,36,0,25,21,80,0,33,79,65,35,34,33,42,76,23,78,65,41,66,22,65,57,43
2015-10-18,56,45,47,59,68,50,65,22,22,62,78,22,15,17,72,32,62,76,75,68,32,52,45,32,69,47,57,49,79,89,64,16,51,60,60,77,42,45,60,74,66,63,66,23,76,29,50,31,75,21,58,45,73,24,39,24,47,39,32,17,14,37,0,24,54,9,35,28,49,19,67,40,35,42,55,34,0,31,20,48,21,20,72,71,35,40,59,48,70,11,74,70,63,58,28,89,32,54
2015-10-25,56,57,47,66,79,57,59,15,26,62,82,23,14,17,76,32,79,86,79,65,32,52,51,49,80,49,73,49,85,90,39,17,56,47,61,75,43,47,65,67,69,46,76,32,66,29,68,28,64,21,52,38,93,25,30,26,55,47,34,17,42,37,0,17,55,7,42,37,51,19,81,40,35,48,56,36,0,37,35,67,32,20,73,82,43,47,83,45,71,24,74,77,52,59,38,75,63,57
2015-11-01,53,53,51,66,73,55,56,16,23,83,90,25,14,17,77,19,71,91,78,70,22,54,52,16,84,45,63,51,87,95,52,15,58,50,75,75,42,49,63,79,69,54,85,33,67,31,38,28,70,23,55,40,81,26,49,24,53,59,38,31,35,37,0,12,54,9,42,28,67,19,71,41,65,42,65,36,61,12,5,64,21,20,90,74,37,27,75,51,74,26,81,64,75,82,17,66,55,56
2015-11-08,56,46,44,53,71,50,51,19,22,68,85,21,14,21,70,32,58,86,68,67,26,48,48,33,76,45,53,43,85,91,35,18,54,37,56,75,37,49,59,63,70,55,68,39,73,30,37,28,84,38,53,35,76,29,24,26,75,42,33,13,21,12,0,26,56,9,50,30,59,10,65,50,47,26,61,35,0,31,20,63,43,28,77,69,36,20,52,47,69,18,85,61,17,76,23,72,48,62
2015-11-15,48,65,46,36,62,54,58,17,22,81,79,26,15,21,71,37,43,73,73,65,37,51,44,16,82,63,56,46,81,94,44,16,54,50,64,73,38,50,60,69,61,63,69,45,72,28,61,26,78,32,57,29,76,27,33,28,90,48,32,21,28,0,0,19,50,7,28,29,57,17,57,33,63,36,57,35,61,37,15,62,21,20,88,79,35,33,62,44,67,17,61,53,74,80,25,60,16,40
2015-11-22,41,52,34,46,57,47,46,9,14,26,78,16,13,16,69,41,43,49,56,59,19,42,31,18,64,41,27,40,84,63,33,13,54,25,74,68,32,50,47,56,58,47,63,42,66,26,53,17,40,50,48,31,49,25,49,25,65,44,32,14,31,13,0,10,58,5,23,20,38,19,41,23,44,11,58,39,0,27,33,55,23,35,94,52,28,36,39,44,56,15,60,69,44,63,16,40,52,69
2015-11-29,52,80,46,50,74,66,57,16,24,77,88,17,17,17,74,37,37,80,76,71,31,53,38,31,65,35,55,49,87,90,62,14,62,23,67,72,38,51,59,65,56,51,67,38,68,33,59,26,61,40,55,30,65,29,55,29,82,55,37,22,7,83,0,25,60,9,27,29,57,15,66,43,51,35,71,34,0,54,34,77,21,24,95,80,35,64,46,46,69,24,83,60,55,64,21,61,54,63
2015-12-06,49,52,44,67,69,58,58,13,23,57,82,23,18,22,71,68,40,85,75,59,21,53,45,31,96,54,73,50,88,100,79,16,57,27,68,73,29,55,61,69,72,55,68,38,63,36,71,28,85,38,52,31,84,24,44,45,75,55,51,36,20,48,0,16,47,8,14,29,59,13,68,43,51,31,64,35,0,30,39,63,31,24,88,80,35,26,42,51,65,18,67,70,22,59,26,61,69,71
2015-12-13,46,44,46,55,67,46,61,20,24,65,83,21,17,22,77,19,48,70,66,65,42,49,49,16,75,37,45,51,88,94,65,16,59,35,83,68,40,57,57,71,54,100,75,49,63,39,70,26,74,45,60,35,68,28,40,46,89,51,40,25,14,37,0,19,60,7,14,35,63,19,49,40,77,32,70,40,0,44,0,64,43,23,100,71,36,67,56,48,67,25,68,49,41,68,35,67,48,76
2015-12-20,35,72,38,33,52,34,43,16,14,17,77,16,14,13,70,22,33,52,51,52,28,37,23,19,50,35,26,38,83,59,48,13,59,25,68,70,30,45,44,62,55,59,63,39,58,30,44,23,17,100,41,19,39,27,25,33,45,37,30,15,58,0,0,14,73,5,25,20,35,18,28,21,21,31,56,24,0,15,18,62,0,18,78,50,33,31,46,45,55,15,63,48,61,51,10,41,56,60
2015-12-27,40,47,38,77,52,28,63,12,15,29,90,14,19,20,74,0,48,35,55,51,32,48,31,26,54,50,22,40,91,59,49,12,64,24,93,89,31,54,47,68,65,63,89,42,65,42,37,26,26,71,57,26,37,26,20,32,66,20,55,20,38,13,0,10,91,6,15,46,41,18,35,29,19,68,68,38,0,27,11,57,23,27,91,54,36,14,51,43,73,20,59,61,37,56,16,75,34,72
2016-01-03,59,49,61,98,66,38,71,36,23,33,90,30,27,32,85,16,67,51,75,79,39,44,46,21,61,50,33,41,100,98,52,37,66,29,73,90,44,45,68,86,86,65,91,44,81,59,40,32,30,20,79,30,61,28,36,51,76,66,64,19,36,21,0,36,77,14,36,42,52,29,43,41,40,40,67,43,0,42,17,80,18,19,78,70,37,45,78,68,84,51,63,68,68,60,34,62,20,75
2016-01-10,59,64,60,85,68,38,65,38,27,68,84,34,32,30,87,26,81,58,70,84,36,52,39,20,76,38,30,45,91,97,62,37,59,50,64,85,53,48,64,96,85,77,88,42,78,62,58,26,40,17,59,35,60,27,45,78,75,64,100,31,12,50,0,31,85,10,23,38,51,20,45,35,43,39,69,47,0,30,21,77,18,18,68,66,43,16,68,70,77,43,76,58,52,55,27,64,45,74
2016-01-17,55,52,60,96,69,41,60,42,28,49,82,51,51,40,90,27,63,61,70,76,50,41,45,27,75,46,34,53,86,91,69,40,57,35,67,87,35,45,63,80,75,64,89,39,74,71,42,31,32,23,53,35,54,28,48,100,81,76,85,24,23,31,0,42,78,14,29,52,50,22,72,59,44,13,66,41,0,31,29,79,0,25,66,63,43,39,49,60,78,36,55,83,48,44,28,57,20,54
2016-01-24,58,55,54,89,69,44,64,36,38,64,82,33,82,45,88,37,61,67,79,76,48,48,44,27,96,46,50,53,89,99,100,26,58,42,73,88,26,51,68,73,74,75,100,37,85,82,55,36,68,11,59,33,60,27,63,72,69,48,80,24,47,10,0,41,83,10,35,63,63,11,91,50,34,31,67,39,0,31,25,75,18,23,74,72,42,49,69,60,82,26,75,65,76,48,35,79,33,82
2016-01-31,64,45,56,93,68,49,76,31,45,53,88,28,100,43,91,62,59,77,88,76,50,47,48,13,97,36,46,53,86,96,91,24,60,31,75,100,44,58,65,67,70,92,100,43,75,94,62,35,61,18,76,45,60,28,62,62,84,64,69,25,29,20,0,31,100,10,46,69,58,15,100,58,28,47,66,46,0,25,29,77,17,28,76,79,33,38,93,64,87,67,78,73,42,52,42,77,71,73
